"m=2" "m=3" "m=4" "m=5" "m=6" "m=7" "m=8" "m=9" "m=10"
"trial1" 0.0137000086022732 0.00508793839975634 0.0429238436057488 0.0411025801715826 0.0198195368206428 0.0323446642622367 0.00867096392053096 0.0258158766857936 0.0191096463306253
"trial2" 0.0141675414426321 0.00152438597547887 0.00736753639489782 0.00949110653312268 0.00317490507407308 0.0384235673290823 0.0301737775186491 0.0120943898588587 0.0296404578255361
"trial3" 0.0103831850448653 0.0305589828508389 0.0116033360649284 0.00989594949665437 0.0208980465188025 0.0243166543673229 0.0188392798716176 0.0268100002766933 0.0231726227785837
"trial4" 0.00616412515280444 0.0601009262754048 0.0175878279312747 0.0298220580064823 0.0250973835074506 0.041354564917945 0.0473188870999722 0.0101665342029222 0.0225583826632671
"trial5" 0.0033535318326403 0.0261723765350788 0.0379490327475857 0.0131770175355545 0.0177532571101605 0.00999937445179121 0.013473102454955 0.0222988108677638 0.0186677658082163
"trial6" 0.0185873256731874 0.00966450321626805 0.0172605378947141 0.00940019710938653 0.0171692705265241 0.0268264707460176 0.0091358666625543 0.0316738027734677 0.0258805823346411
"trial7" 0.0085948485596141 0.0311832853348201 0.00257303535300178 0.00509326238988801 0.0133458486301155 0.0318609449231777 0.00388826374583975 0.020658269975406 0.0119444001167785
"trial8" 0.00316334252249684 0.0116188247141303 0.00733506984760214 0.0131742384072945 0.00980884595869015 0.0164834883276544 0.0170505067669148 0.0104951508897332 0.0217800431545544
"trial9" 0.0127161537143172 0.00559464626366782 0.0115768145934122 0.0306590629277664 0.00581408852925259 0.0107505047963004 0.00569799577657267 0.0200065472451359 0.0429532801148477
"trial10" 0.00872023828679486 0.0181169168994638 0.00279858256714991 0.0143650749388393 0.0187268640600698 0.0164981464268937 0.0120454614558991 0.013689889377089 0.0170187379939072
"trial11" 0.00217946869939365 0.00260467571287875 0.00044324256562813 0.0170479182559277 0.026292288945112 0.00831771234017619 0.0218745490602631 0.0280711704708213 0.0165774290160477
"trial12" 0.000765408873159574 0.0284916945465709 0.00501806369109511 0.00786396101565785 0.0126128457573538 0.0105254768042824 0.022696873576603 0.0148102114379053 0.0290994064384651
"trial13" 0.00312489291736111 0.00848008336922807 0.0225259533397571 0.00610771218272179 0.0357575384092325 0.0136195623712697 0.0214104734221802 0.0210329495566014 0.0289884747880818
"trial14" 0.0104380295306104 0.0048195586147311 0.00734076494464484 0.00969297983580253 0.00425870336973016 0.011398353252137 0.038859071338056 0.0200212517745172 0.0213897601791287
"trial15" 0.00395629087142614 0.00878086681934048 0.0484214229767721 0.0756813792168636 0.0365818114592748 0.0428658645838017 0.00497507783991589 0.0136759604494656 0.0219620901998582
"trial16" 0.00335220102916749 0.00258560348090941 0.0110081530719563 0.0104916040279035 0.0564561902879686 0.0228922938753158 0.0191407861582955 0.0282214130120784 0.00925605055659744
"trial17" 0.0172797807549053 0.00555584883121171 0.0154145202831989 0.0155915866470861 0.00650469951505763 0.0236864171079175 0.0144387511655383 0.0268367989674554 0.0342932903879016
"trial18" 0.00364987894843135 0.0447442853459343 0.0159617993850185 0.0301803539846222 0.0108634170213249 0.00972896652023172 0.00856124786391762 0.0189726823714753 0.0197338800766948
"trial19" 0.0337360724395293 0.0194577186235002 0.0212016238102359 0.00567633480701613 0.0135708350739655 0.00798926137254895 0.0209047355411405 0.0159433497646384 0.0140097216685053
"trial20" 0.00254324923471535 0.00332207116095161 0.0258307861852914 0.0477008924028153 0.0371113684843618 0.00621454739494607 0.00968935146410261 0.0102123229105148 0.0368507421007616
"trial21" 0.002545447356261 0.00685390768656239 0.0154755734410161 0.00856351418939881 0.0243012752811628 0.00109020589664135 0.0206559008308575 0.0155421319135114 0.0246726714501035
"trial22" 0.0634098789534117 0.0378852090326845 0.0136447144531461 0.00731492268202448 0.018146184295705 0.01063979862798 0.0123218332777216 0.013438268010779 0.0240775836339148
"trial23" 0.0343714639432844 0.00250616476503379 0.0378875727464222 0.0141896433557849 0.0348694093033066 0.0141153469766673 0.0105219011820235 0.0114549536920977 0.0105771241642396
"trial24" 0.0170240778953136 0.00707244997043319 0.0142857841695749 0.0124834536769855 0.0178790619899039 0.0181953577127112 0.0128312898747619 0.0241318133874681 0.0229945973726498
"trial25" 0.000161018446017787 0.0358555318103687 0.0247618765292668 0.00255259440333121 0.0240062380729664 0.0616031051846517 0.00218102737201318 0.00269161900108834 0.00986162293834871
"trial26" 0.00209942820051984 0.00842193169163018 0.00178459783896699 0.021748708064931 0.0273741021839322 0.0189675219094736 0.0100508980268 0.0285162965385537 0.0221197156902585
"trial27" 0.000952256514065127 0.00112066320700415 0.0149052186094043 0.00589361962824693 0.0122208191264616 0.0131213168610962 0.0212703161501111 0.0184913835072052 0.0453569662590181
"trial28" 0.0176179727848429 0.0184911504194937 0.005333053762809 0.0242035036660428 0.00788189256554848 0.0360349928671041 0.0157266802470803 0.0133996915901866 0.0159049349162792
"trial29" 0.0453167343511536 0.0244425595360803 0.0602026494379938 0.0130954352708926 0.0323686976548194 0.00606854931082557 0.0366380629480447 0.0398676144870058 0.0141800551263733
"trial30" 0.0026511214611299 0.00674673278609455 0.013900837271194 0.0126155159801642 0.00923622448537798 0.0300567126820198 0.0121401219706205 0.0207892831238341 0.0159544402234859
"trial31" 0.000164521511583652 0.0219560836277356 0.0203709541337636 0.0184625449026678 0.0238521144167022 0.0330487482818113 0.0095088456406317 0.0234088100509638 0.0138497668034543
"trial32" 0.0255993609995308 0.0109089284971562 0.0212950565500889 0.018027425369501 0.00554694257414381 0.0101872803189496 0.0111233754725969 0.0327730003933393 0.0129212608042486
"trial33" 0.00521216962669346 0.064156844522591 0.00322907000596158 0.0148622964525776 0.00365279909505343 0.00582763226035225 0.0326291961421788 0.0370910588431997 0.0195217420260206
"trial34" 0.000243148245892657 0.0176556584275313 0.00150824881733072 0.00806984810342631 0.00789451586957171 0.0105509079093288 0.0318069180694105 0.0175562445596716 0.0204322129952701
"trial35" 0.0115076827600688 0.0654002502604243 0.0224514761254168 0.0219567805857847 0.031866877491738 0.00577802156608293 0.0123698060441691 0.021546042818329 0.0264363152006875
"trial36" 0.0342091096030262 0.003977400847167 0.0203790670481804 0.00894111963301408 0.0308020487475961 0.0239863528546179 0.0263560585684725 0.0203839659022938 0.0454688170752182
"trial37" 0.0267215269531485 0.0178650928889427 0.00957792912507513 0.016690659176276 0.0271148564110044 0.0171284789149155 0.021903540151588 0.021896599391325 0.00830940153261977
"trial38" 0.00601676546701448 0.0153651499606254 0.0403326652687946 0.0109720715971644 0.0134892189955922 0.0470547839617845 0.0169538835636041 0.0139130114613748 0.0203013914425196
"trial39" 0.00296903267048566 0.0280632316805986 0.0117253614587089 0.0382836302550949 0.0306627534000584 0.0192839248178319 0.0292302408605605 0.0164190119484314 0.0147497615488878
"trial40" 0.00829381775491347 0.000693978921710951 0.00430135674352395 0.0180471177121228 0.0251388734506257 0.0230516571395128 0.0337942578055864 0.0111392037224891 0.0417511947891213
"trial41" 0.00243881235646599 0.00414812803814149 0.0286434954245633 0.0102792334198363 0.018894360213717 0.0138765274564118 0.0127181279418525 0.0105460288409863 0.0415512019838075
"trial42" 0.00998171114440146 0.00785592369303017 0.0404059871732981 0.00369767733103377 0.0357968269332934 0.0231164812603974 0.00595169635791457 0.0218074732218442 0.0309859337489702
"trial43" 0.0016143388319845 0.0316328289646453 0.0105060180476488 0.0300778033222186 0.0186762817169683 0.0605055454121576 0.0292778382879334 0.01900296547092 0.0158693059489946
"trial44" 0.0542749719980683 0.0362376131754957 0.0428462933674875 0.0191580680547288 0.00798640446514556 0.0209348727709646 0.0252226405942685 0.0346190786662512 0.0346858697375643
"trial45" 0.0115903844559583 0.0230703270189664 0.0349280352600035 0.0130617964738933 0.0502757003313905 0.0215419043919608 0.004062618503509 0.0202888332346347 0.0265930409374199
"trial46" 0.00272801570363311 0.0168945689972349 0.0491195931100396 0.00602977789146314 0.0427395504222403 0.0138224219235681 0.0128161711875559 0.0133323823370986 0.0109428799620864
"trial47" 0.00950035159501486 0.0167895633578228 0.00299203494919256 0.0288413513802364 0.00888496367517973 0.0166299343235746 0.0284886541478839 0.0171996989878563 0.028140542360771
"trial48" 0.0103674209263462 0.00171961997989683 0.0180495374244469 0.0248901376273337 0.0246794385666498 0.0167643350313224 0.0158694221570611 0.0307520457912594 0.0240189121862152
"trial49" 0.0247421439879356 0.0255939817171379 0.0293811844011878 0.00731070242085704 0.0221086906948441 0.00900053108831454 0.048008793462856 0.0317674632958761 0.0422863077361678
"trial50" 0.0101437101964094 0.00162498922714347 0.0054335721707027 0.000254493883644587 0.0097442672799484 0.023687174238046 0.0198087375661058 0.0386532971193238 0.00388411171317464
