"m=2" "m=3" "m=4" "m=5" "m=6" "m=7" "m=8" "m=9" "m=10"
"trial1" 0.00997763366588314 0.043720101469078 0.0130023838736955 0.0118779014125952 0.00250078215543345 0.00278274943658112 0.000756874784383545 0.0027885885515728 0.0114460786127342
"trial2" 0.00187019001875991 0.0070581583090916 0.00392568063186733 0.00168307841861866 0.016238607507038 0.00216909750329189 0.0116071053821001 0.0255288204391166 0.0130734744104748
"trial3" 0.000612329489953663 0.0399170361875654 0.00376777810421106 0.0050402702223997 0.0232240381295467 0.0195896390805123 0.00550662375811504 0.00427106995017667 0.0238746900454899
"trial4" 0.00808106867902382 0.0217809366501852 0.00201296971062522 0.000419609625728524 0.0650077787730847 0.0028439324974043 0.0124112349313175 0.00518161048737191 0.00239099784363163
"trial5" 0.00551446077965875 0.0062047966336956 0.00675500090149328 0.0144072936558136 0.0245698917447849 0.0428537269039755 0.0445214338422226 0.0331139949478195 0.0225330643818211
"trial6" 0.250905858339407 0.0225684115511906 0.0082401180648554 0.00460556122532022 0.00821692353380626 0.0524494045089626 0.0340595088886224 0.0610356683751619 0.00898706194328314
"trial7" 0.00683995028849739 0.00658347916045766 0.00841588442381947 0.00739142391902547 0.0146401171476764 0.000158235109845113 0.000514136000714282 0.0304006814590023 0.0195545358059571
"trial8" 0.0691310253460097 0.00222822138761639 0.00126389132993498 0.00793736645087525 0.0025731506559403 0.0219252919288407 0.0157619963761796 0.0405957880920156 0.0424444265234005
"trial9" 0.0452495045583506 0.000260667230340603 0.00176221956533878 0.00893342227719968 0.0522863575696724 0.0192252140839933 0.0467140116880535 0.0329650911208404 0.0581437685837931
"trial10" 0.0569106975339279 0.0246763040822122 0.00840988086029104 0.0451835998547824 0.00467432391740166 0.00996308265793796 0.0102307682261556 0.0230285368356905 0.0443230867199285
"trial11" 0.00108161732906221 0.00140828739864371 0.00143671564156559 0.0110345814245574 0.000228045454392456 0.0353621956963929 0.0134136935293931 0.00323508909593162 0.0661931474189654
"trial12" 0.000908953238293368 0.000470453302750294 0.00878484022004766 0.00156160880698886 0.0242919837193136 0.0104287281538588 0.0130373393930397 0.0152352642341023 0.0435495607670062
"trial13" 0.0311865920164427 0.0156293548782474 0.000200759756894533 0.000836773167575569 0.00178243163244184 0.00270872569076908 0.000232952837694788 0.00153398112731188 0.0115854826435716
"trial14" 0.00524827708678343 0.00316425091540215 0.00155340044643314 0.0195412329554721 0.00924392643227027 0.0084617764243516 0.0190856387130546 0.00791213714854643 0.0298362012386832
"trial15" 0.0510381793183068 0.00694079160886735 0.0338819721186145 0.0499848215920138 0.0494508870389069 0.00323102119287301 0.0109498234559898 0.00834001324049606 0.0472837192307927
"trial16" 0.0139085220145456 0.00193631005912156 0.00317630013109977 0.00824874842800844 0.0100730608505622 0.00426989002521438 0.0140086720965239 0.0183366764859984 0.00125037758589615
"trial17" 0.0388187246013127 0.0219342994758745 0.0019850640454023 0.0337849721008644 0.00738627030551997 0.0324746964377181 0.00250064474105776 0.054902595423828 0.0332453844709797
"trial18" 0.00122201483798474 0.00639230353335999 0.00383705090485348 0.0248865974182606 0.0199310217322213 0.0025582522783042 0.0386608423950541 0.0173121158072751 0.0211996113441368
"trial19" 0.00926634023180023 0.0102961166481696 0.00230556349826466 0.00229849610863009 0.0147339827201677 0.0287117853289924 0.0121757856128548 0.00149793321881816 0.00598483354914328
"trial20" 0.00185681098439797 0.00105035267490039 0.0400218043896952 0.00548290188522022 0.0249844269536575 0.0058919248290647 0.0196736013511957 0.0100929179631688 0.024415551335319
"trial21" 0.0174803054200433 0.00317919396245767 0.00240761057804688 0.00187916433056287 0.017120068048469 0.0266028731227038 0.000814586297396936 0.0287383687824807 0.0430036802835218
"trial22" 0.0650322453035216 0.00510390162434778 0.00129316170168177 0.00895991027692138 0.000339977967801646 0.00159088935273648 0.0229592480185718 0.0250049883605935 0.0235998702828021
"trial23" 0.0129207855040876 0.00955498744958203 0.00147895304933058 0.00977147692926359 0.00325760324951528 0.0129687110598037 0.00998843816106603 0.0308902638517062 0.0626111475238943
"trial24" 0.00556742730597654 0.0313445234183288 0.0307464656448774 0.0002647553185719 0.00235059281709869 0.0439198655471073 0.0138606786989686 0.0466074761800439 0.0176696029209682
"trial25" 0.0371852420148032 0.0323112046000273 0.0107828390924033 0.0213060898924932 0.000742003170828736 0.000390203036585588 0.0132350610318785 0.0176027687262609 0.00449559789510421
"trial26" 0.00423479878575705 0.000735947014820023 0.00193961716057331 0.00105039855747801 0.00430336361567174 0.0173816682683809 0.0308873637415811 0.0244151441278921 0.00202375485560696
"trial27" 0.0217636325964075 0.00234564129949442 0.00688894454504497 0.0217337633537119 0.00217710113909546 0.00787216598061337 0.000215037388676495 0.00247211418270014 0.0396164506919451
"trial28" 0.0149636372257498 0.00649270749450045 0.000624941380969627 0.000836537322044169 0.0294972169055539 0.0231835493447144 0.00031904733235374 0.00168693046220363 0.03574901356528
"trial29" 0.00340438688827333 0.000527474661608745 0.00189805728770397 0.0256297633094007 0.0376834294549953 0.0475845590096448 0.000537730187699896 0.00300909748253606 0.000285286663725567
"trial30" 0.016284253223848 0.063395378840412 0.0175709937321687 0.0675389211307291 0.00481889192625859 0.00659771242362991 0.0324776879241546 0.0414066862078587 0.0087508551264624
"trial31" 0.00714191965304836 0.0096457823485685 0.0137988627417068 0.00135645338406583 0.00367323367138982 0.00184207029445884 0.0477983450771135 0.0208494856427146 0.0481653571175858
"trial32" 0.00735182468620572 0.0168645789366341 0.0249696014922704 0.000103175312588871 0.0141949356494378 0.00882543513968981 0.00804744594443318 0.00421764241476607 0.0136305723975621
"trial33" 0.0250419801632643 0.015814039262868 0.0402191045168292 0.00925160628250875 0.000583783703512413 0.00336469175652597 0.0104548789377772 0.0140355548857334 0.0202743638082453
"trial34" 0.015658923217209 0.0298013393978334 0.0311672022916284 0.0687246995111474 0.0289148514735499 0.0236254452220968 0.0446778227371513 0.0421158548874493 0.0246676930450557
"trial35" 0.013905368368033 0.000428766513768502 0.00190824423085343 0.00799479703661892 0.0025656223588797 0.00144400188251651 0.0342299175451649 0.0195340817307753 0.0121625103700034
"trial36" 0.00607369396485564 0.00302846002877776 0.000392164002795484 0.00793664626139467 0.021330600923197 0.0334774653912751 0.0428268603782605 0.0288736506596461 0.0150388475287973
"trial37" 0.00412050891965703 0.00853110452206039 0.0155683230398785 0.00235681540792223 0.0363122147778487 0.00162953003248629 0.0286420809951117 0.00220984570515017 0.0336620320033993
"trial38" 0.0465104795502377 0.0273426975556616 0.0116042576755905 0.017337216671697 0.0152017582103455 0.0226753272759131 0.0290833499352838 0.00961080738581499 0.0182481033323426
"trial39" 0.0337882438050029 0.00165159989241348 0.00249610911839539 0.0157143290781841 0.00876311750489349 0.0288759561761613 0.0339126502394076 0.0553653074923085 0.0233547631860076
"trial40" 0.00284085354705844 0.0223795807023396 0.010919634787379 0.0398993833309749 0.0356472375500877 0.00131777646380096 0.0019260916922978 0.011205976622803 0.0281047725848368
"trial41" 0.00487605035178651 0.00110243962905483 0.00364409646525161 0.0263477421509329 0.000566309046066368 0.00669990840520558 0.00404709388393766 0.0611818422960476 0.023143103241997
"trial42" 0.00366435490500969 0.00856289448833779 0.0361445514098776 0.0398268990520687 0.000270420702757401 0.00462884838238859 0.0258532374923409 0.00506575587855812 0.0310710579216099
"trial43" 0.0588982534210497 0.0021931856410892 0.00802598396040982 0.0395099168640444 0.00325836623706196 0.0120280752595018 0.00528540023630183 0.0443140139749649 0.0229468280933533
"trial44" 0.000539432667882854 0.0394888109832748 0.0473609927027762 0.00156857495650064 0.0117928763129263 0.0102449177840633 0.0240009151550721 0.0145548198434146 0.0159441193887339
"trial45" 0.00270709288512719 0.00213166483025261 0.0296546230795828 3.49357875186975e-05 0.00798575337738676 0.0083930191905303 0.0232548962522246 0.0204377623174217 0.00361503590477156
"trial46" 0.0357652926245142 0.00653659012675806 0.000730699350958874 0.00572541713566389 0.034877582405783 0.0129312814509793 0.0252053315586145 0.058492271773294 0.0486042050078571
"trial47" 0.0428233358551576 0.00310729796483076 0.00213272887909583 0.0437008900794012 0.0241334027949452 0.0241838444636161 0.0451142674013372 0.00330859160424974 0.00920797098358536
"trial48" 0.0575977969622503 0.0252070314290285 0.00807238586458581 0.030392302064094 0.0188699765745664 0.0385599007685964 0.0182962279573251 0.0161205894413326 0.0323730191577267
"trial49" 0.062890163571049 0.00186839656364925 0.00930625889922307 0.0400265723932867 0.017883797880608 0.0246894893169791 0.00643555102875135 0.00441397236485761 0.0651801051365764
"trial50" 0.00795533602899089 0.0121769046165877 0.00982392445816593 0.0393543603053139 0.000831320676719554 0.00315040202541589 0.0556897932034879 0.00659671963158099 0.0452487910879799
