"m=2" "m=3" "m=4" "m=5" "m=6" "m=7" "m=8" "m=9" "m=10"
"trial1" 0.905362349731743 0.902978880881538 0.907954451625915 0.910466772702684 0.90713874223299 0.904119629618939 0.906976262756641 0.907027583857248 0.905167442761462
"trial2" 0.904904793365288 0.909049196721907 0.902345446676485 0.904366556646707 0.905844740365144 0.90711328699294 0.906375191567535 0.905231659119387 0.905110053826589
"trial3" 0.89717725018456 0.898755221942708 0.900378308386263 0.905174797130086 0.906264933884123 0.905260379835923 0.904844495334733 0.906697876008615 0.902822059455189
"trial4" 0.898927219877566 0.898992320121181 0.904322763929884 0.905581135706773 0.907149669776999 0.905817115179512 0.908759564710391 0.907544680579981 0.902746785403204
"trial5" 0.905490353650733 0.904312138151373 0.906001169934397 0.904874723610552 0.907506241842037 0.905802590852441 0.908052384557733 0.905685723905936 0.905579203193568
"trial6" 0.903038445813068 0.899118208254805 0.907423267881371 0.906921770526881 0.904396968826298 0.904324665332049 0.904821241699996 0.905244967176504 0.905117048123793
"trial7" 0.906104534994254 0.899337077997209 0.902648913568746 0.904086370980682 0.904524150990267 0.905509525918353 0.908050561277473 0.90625742676546 0.905849903349488
"trial8" 0.902874065549453 0.902043904519844 0.902389262622215 0.905315241053727 0.90633784128638 0.905198276668138 0.905653389869864 0.907062446914121 0.90634062081328
"trial9" 0.899614236806746 0.901533635932437 0.904728874932449 0.910659857954039 0.907976291538777 0.907619141927802 0.904958104032739 0.90370948660265 0.904915209086638
"trial10" 0.905052798134158 0.900296562174217 0.901390827875492 0.906900003830607 0.904361520299687 0.904861047068573 0.905467443014452 0.904405477962616 0.905799202037246
"trial11" 0.899215768106902 0.900826541982542 0.905846985754109 0.904520789649544 0.907188309105368 0.908803364697014 0.909623936766079 0.904999994897827 0.907670973540387
"trial12" 0.904740733954825 0.901379896351635 0.905616674256312 0.907525323810052 0.904575914886329 0.907791187421726 0.90672669439254 0.909453129846918 0.906760857243684
"trial13" 0.900457523549547 0.901737666940021 0.903603064502317 0.907639497641207 0.90529984239536 0.907247672304961 0.908380989689857 0.905641130856243 0.903532455382388
"trial14" 0.897585964255434 0.901899466213862 0.905551916484267 0.907182576202543 0.907777151708385 0.905301379900661 0.904011251241662 0.908299994465543 0.904820353647459
"trial15" 0.900812028633513 0.901595991660883 0.904958822146868 0.906598691425593 0.907011824203315 0.905002911522136 0.906636366065117 0.907313657759549 0.906342166694476
"trial16" 0.901741962783599 0.90202694846017 0.90595476778502 0.905788274765284 0.907970422715592 0.90848968260012 0.906802322658446 0.905761714559577 0.904503917341199
"trial17" 0.902536812080964 0.899975514575719 0.903929926475815 0.904613903905862 0.90846767770256 0.904333315096727 0.906225620606652 0.910212218054339 0.907126893685891
"trial18" 0.903003887268123 0.90794614780653 0.906807434662213 0.904259078953202 0.903657213251492 0.906729675496121 0.905863485739483 0.906737958363252 0.906672420494422
"trial19" 0.902270222101046 0.903038003748969 0.903721360871525 0.902981538232162 0.909035436929324 0.905620551932411 0.905788872817853 0.904702998406139 0.907401917474066
"trial20" 0.90280315031293 0.90226880866334 0.905057070836216 0.901732390223419 0.907992653981275 0.905500862847903 0.906872196438919 0.904354057792242 0.905333878405976
"trial21" 0.898256822360721 0.902101281399099 0.90418619798086 0.903467707346398 0.906192433041999 0.905625109703879 0.906882579046417 0.904529776327693 0.907151310528069
"trial22" 0.904388070266614 0.904286601741189 0.906335340965686 0.906011886183894 0.909564285836049 0.904286355392004 0.905255365313557 0.90670814912224 0.905735663931475
"trial23" 0.899946881963369 0.900090756128867 0.902034319760562 0.907945245483237 0.907277875717481 0.906796981605926 0.906887261023229 0.906394744477195 0.905777011820321
"trial24" 0.8977683079925 0.901627213061047 0.906865762472553 0.905016793562672 0.906669123980192 0.902206977057057 0.906202672984918 0.905306470136058 0.907315425044567
"trial25" 0.905910312688837 0.901890154579639 0.908605899379346 0.907009777362027 0.911132809167445 0.90589582564646 0.906440945946509 0.909636866315393 0.904058330810451
"trial26" 0.8958501745435 0.901622667333995 0.901808125725837 0.909254705301725 0.906730154227027 0.908665396215605 0.906564085305696 0.909355004648625 0.904962812205353
"trial27" 0.905514364414772 0.902657327943841 0.904803912759845 0.905993850818603 0.906195958011848 0.906331801963007 0.908777987660687 0.907323767009565 0.90689928426444
"trial28" 0.902793529900171 0.902144758340759 0.900298576730369 0.902462770032435 0.901842854763527 0.908417445795585 0.907309999444837 0.904892611908801 0.906859418311675
"trial29" 0.902086894463566 0.896240119522379 0.90064190202447 0.907873137350551 0.908133971489927 0.90650929597118 0.908102158505407 0.908438031316761 0.910121905478969
"trial30" 0.905386439940245 0.899309365002955 0.907429984580892 0.904821029840868 0.90772201908844 0.910539699884013 0.906965056991486 0.907029504897385 0.906340934541338
"trial31" 0.902594740313196 0.905422826076476 0.904427292039954 0.904462702476974 0.907356555218989 0.904804301970981 0.908363156614868 0.907362677491852 0.905178995408961
"trial32" 0.90401594283877 0.904082691227954 0.903071906807934 0.905657671211102 0.908958042787228 0.905159848794054 0.908287268721231 0.909555163999653 0.90438654017965
"trial33" 0.904807457178738 0.901436073741348 0.903932044193862 0.904621494918683 0.902604833546988 0.904414859789762 0.907624490794658 0.901705141230865 0.907180900456591
"trial34" 0.902334260013054 0.899855624842291 0.903053073617905 0.904664809003922 0.901953207748255 0.905555574611231 0.903078262740514 0.903978526105162 0.902264477936172
"trial35" 0.906021817664202 0.896847864770083 0.905549588600353 0.90376545843923 0.905657975740804 0.903975228351153 0.905802894964812 0.910084985213926 0.907526491911492
"trial36" 0.90028677818557 0.902008178859488 0.904928112192015 0.907909059097613 0.905544435400791 0.908019691990899 0.907547893060565 0.907139995215398 0.904604151990706
"trial37" 0.905130198197279 0.903996271361349 0.903027232617026 0.904620169610765 0.908707489869782 0.909824231554207 0.904818135051085 0.905740669389603 0.907194972810809
"trial38" 0.900144718733938 0.906752251909676 0.907079113928704 0.911432620412548 0.909200042504297 0.904858254933419 0.906556447407888 0.908766839943786 0.903761799822632
"trial39" 0.898970985144085 0.907497197626313 0.907184944362371 0.910092465968932 0.908795455606706 0.908263485514937 0.906177448579798 0.908800491871849 0.90784632597737
"trial40" 0.900809337224975 0.897601602557208 0.901210873113792 0.902188378172314 0.908019398457602 0.906933003064859 0.90305926616622 0.907257534524476 0.905709980888867
"trial41" 0.899480719837753 0.902228289373704 0.903444482161785 0.90156807582089 0.90834526347908 0.906028782917011 0.908443916836442 0.907353125027067 0.907223183134154
"trial42" 0.899830209157966 0.899898545293037 0.903084009863736 0.90389535370199 0.904824800553429 0.911119092131617 0.906642998174776 0.90900461546989 0.903876308190313
"trial43" 0.898235975722188 0.904643614923577 0.906832562350079 0.908703865052693 0.907793800480599 0.911121442757492 0.909534770836335 0.909048226938459 0.908083880732392
"trial44" 0.905551292260177 0.902449355253529 0.906114945623085 0.906911509481097 0.904154996205573 0.907320671966407 0.909794927094515 0.907600005927348 0.907240027597849
"trial45" 0.896439364818561 0.904460106313381 0.905790213802079 0.904627852406625 0.90894269908984 0.906069260533436 0.904761731991213 0.906075462196965 0.905894340625494
"trial46" 0.898478547816021 0.902716546463886 0.90694172645277 0.90372345308711 0.906668013566542 0.907497553320719 0.907605648937363 0.90864478480642 0.907555205888631
"trial47" 0.900587264826295 0.900894383799606 0.903938889439481 0.902223535379328 0.908140492261388 0.910036814431312 0.904925499186425 0.907373396417212 0.904292398315848
"trial48" 0.902175209342146 0.89866497585416 0.901432729438322 0.904093335802903 0.904603492823932 0.907418080483578 0.902483462871049 0.908311302996967 0.905918556063962
"trial49" 0.904579887809099 0.900549158999653 0.905454522033232 0.907472925878591 0.90744724950298 0.908769211441934 0.905660300889163 0.905231716087873 0.906183014341953
"trial50" 0.9026078514908 0.904105858108865 0.903774453154721 0.904278954729748 0.906260318218062 0.905745740527486 0.906970147468039 0.905420625921226 0.907393334626135
