"m=2" "m=3" "m=4" "m=5" "m=6" "m=7" "m=8" "m=9" "m=10"
"trial1" 0.901101088934708 0.900607356081568 0.897790960924695 0.894322295881355 0.891798976583186 0.890428386812211 0.881902538530778 0.889824174170679 0.883163586101901
"trial2" 0.898166040050492 0.893383536547082 0.895009380173629 0.888165407988118 0.891032903967285 0.887581951983515 0.887249135695738 0.88394870378238 0.887678741827084
"trial3" 0.886387432573554 0.88967743652619 0.896076253746676 0.898282530768142 0.894702978054591 0.88788534998831 0.886210446064053 0.89086911391047 0.884074381574844
"trial4" 0.894944521636621 0.889432219668353 0.891646120805324 0.895380700454035 0.89123440457568 0.890928992614132 0.886474735358804 0.88701366698317 0.887452446654013
"trial5" 0.898785805394384 0.899859211275662 0.897608358213127 0.893360841881299 0.893648807441852 0.892093308132299 0.89107928786539 0.891634832495333 0.89245419445888
"trial6" 0.898526038954141 0.898277593809996 0.900656000715375 0.900748667138161 0.894126323941628 0.893361794675033 0.895065450767703 0.887790805916102 0.888304343959753
"trial7" 0.90250025606075 0.896268761557036 0.896162018252759 0.895749597980399 0.893520003897986 0.888606765281286 0.891825754905215 0.890550100133213 0.890891868180329
"trial8" 0.896184276709371 0.899326673541465 0.892904262428658 0.887592310566252 0.893321406005572 0.891680749950502 0.895833430757613 0.891445575069517 0.89386000296974
"trial9" 0.898432696449502 0.900915669305804 0.896416545521676 0.893171290606669 0.895025198676004 0.888046959495991 0.885988889386202 0.885339129311985 0.886127736848739
"trial10" 0.897412843719141 0.888868321864818 0.897827200595854 0.89230070557281 0.894542004557886 0.889913182785074 0.888175294195537 0.888559456854331 0.884069018372795
"trial11" 0.895008534678222 0.892546289085443 0.896632926527169 0.892768942704389 0.893758388236327 0.891199890750577 0.895549467673132 0.888253911049448 0.890029805771573
"trial12" 0.894617953858878 0.891828668262594 0.898310860138803 0.896659368467928 0.894465392004387 0.891706216083845 0.891989802550519 0.889483326644209 0.893274320232001
"trial13" 0.89247205154351 0.898481486159199 0.893623130787898 0.896068448673266 0.883931600384025 0.891709505209657 0.893014040207411 0.889298540596183 0.889146652600564
"trial14" 0.893891336716287 0.890687608839305 0.902094669091797 0.889643739129457 0.892128381522636 0.890640578723988 0.888898193474103 0.888456951893168 0.887886655362696
"trial15" 0.895350999789245 0.901635410041357 0.899333818625137 0.891025617846696 0.891748933708433 0.892366241578723 0.888102689468814 0.889086155648264 0.885271394257919
"trial16" 0.901855860104107 0.896147565802576 0.89504224258444 0.894298818428156 0.889935348988169 0.891153540599797 0.884730311902816 0.886818576602327 0.88254157728451
"trial17" 0.900391266399359 0.900509473197779 0.895711701019295 0.892864543030519 0.888836276612457 0.890052303991847 0.887985811643666 0.887193943431501 0.890686884332368
"trial18" 0.898626472225329 0.900468651104876 0.895684733529669 0.895439383900199 0.891735380835338 0.890837773986026 0.885121525786323 0.885548054100441 0.890688791591341
"trial19" 0.893331208193609 0.898948141632629 0.895052885961227 0.893781395326988 0.890739138758719 0.886659877588011 0.886851746930244 0.88701289486402 0.890397556891631
"trial20" 0.894655964248591 0.901130667025337 0.896087156061467 0.894620605499263 0.890924031030191 0.887568426815894 0.89064205640519 0.88844379509714 0.891183425958759
"trial21" 0.901055200871984 0.892505523762079 0.90037869732748 0.89356448997485 0.88964540615078 0.886797598327432 0.889530024256628 0.887803760259544 0.888005892429045
"trial22" 0.892385391141687 0.899109264745162 0.896739153796102 0.89167777347225 0.893852874400867 0.887242790186213 0.890895761814499 0.890191415146471 0.885717592121305
"trial23" 0.892383243649122 0.897769926049339 0.893284148397888 0.894886581143188 0.891296051750795 0.888335380704456 0.890751576870783 0.887363120034268 0.883393786853384
"trial24" 0.89175351644216 0.897442064079295 0.891087915284086 0.892642625938623 0.893192661942866 0.884082649838596 0.887428962788698 0.890300027833266 0.884270635322673
"trial25" 0.899919008183252 0.896517518066225 0.899793920168566 0.889219306034124 0.891046687159892 0.889766012436781 0.891453587664064 0.887424114074242 0.889749226869805
"trial26" 0.904985093913184 0.897692369744553 0.897770633234458 0.894853321575985 0.890202794164992 0.890164697588703 0.889845330898058 0.889332224048025 0.89067011762364
"trial27" 0.892176684462615 0.894651851851006 0.904709951097471 0.893048933271729 0.887380837821605 0.890993439898748 0.885144670866172 0.886869980558047 0.889789844045237
"trial28" 0.898079574715034 0.892551927289712 0.898347523517141 0.89640530815687 0.891282765739474 0.892360655213809 0.890256274663317 0.888559413142697 0.886105590218043
"trial29" 0.895971006906448 0.900896069102553 0.891071414770613 0.896832436680786 0.890501982449923 0.887699282508085 0.880223706538225 0.889381108271618 0.886389687522705
"trial30" 0.902511019972863 0.896513217503728 0.899799991462045 0.892794868337359 0.891292707582972 0.891446040334576 0.890167581471578 0.886370181436658 0.888826787084104
"trial31" 0.897679824424712 0.896651317759611 0.900392645491566 0.894308958121588 0.887185577191695 0.888539603400157 0.891033505216732 0.888383732820975 0.890547491462266
"trial32" 0.899654981806723 0.896800017942048 0.89678039811983 0.897096459227678 0.890069792642612 0.892115684795995 0.89182336988664 0.888932229183031 0.885698718261511
"trial33" 0.900171084618007 0.899832957503795 0.897034312514653 0.897509496930406 0.892001629418565 0.887371308300046 0.887966830051865 0.886774231032684 0.887164361387388
"trial34" 0.898654005118851 0.897352035873968 0.897663597804436 0.895166225533354 0.89239458195392 0.89159765524705 0.894986467424395 0.884210330086553 0.890864656434301
"trial35" 0.896614990076916 0.895815101490106 0.895883971321581 0.893900359663167 0.89222015490066 0.887520910389058 0.891229543045781 0.893725917706319 0.885703072162258
"trial36" 0.891962270703188 0.901681846389251 0.901538745660906 0.897521108483032 0.892559974463136 0.890457950811604 0.885269746747182 0.89566317395002 0.878444766621413
"trial37" 0.895156755098757 0.896578723592941 0.897748973275252 0.893084096900235 0.894763183894713 0.892518610473183 0.890174311429654 0.885808999669935 0.88954467049516
"trial38" 0.896984027965908 0.89558578747512 0.896663433864475 0.895641989799955 0.895844820424298 0.890050003679675 0.890253368498919 0.889033370281629 0.886287534746837
"trial39" 0.898079508260465 0.898420201867534 0.898957307824396 0.893054237522319 0.895128220139527 0.88984066973759 0.888445664416337 0.884994768660263 0.887406215250013
"trial40" 0.906451296428785 0.902660940990383 0.90222928405171 0.899866356712703 0.887658577854125 0.891180886571918 0.887968403018994 0.882064429885625 0.887332329591951
"trial41" 0.892542064064024 0.896263303684779 0.895242451091951 0.895164916769088 0.893508748420109 0.888853135316833 0.889293588805176 0.88814263465061 0.886813538905459
"trial42" 0.891987415455684 0.900399091994932 0.896978924413857 0.894232279605908 0.886621679405158 0.892780427179695 0.886303410891566 0.882027115882618 0.88251263812007
"trial43" 0.896025371640519 0.898744196164796 0.896026365707806 0.894263008109116 0.889095795583279 0.892886510485052 0.887274705330435 0.889785590920339 0.88604387549223
"trial44" 0.890294219245457 0.890779006259042 0.896456821708324 0.897484938814262 0.897468931891159 0.891727055684899 0.88539671315094 0.890558154920506 0.885806015793989
"trial45" 0.892739485102033 0.90122689448489 0.90079630792872 0.896028335630549 0.891236172031914 0.89533171970826 0.885136302458067 0.884969129589624 0.888815502908094
"trial46" 0.898832741967083 0.900962879414981 0.89849164814387 0.895022659417933 0.892905182019821 0.889322636587769 0.887786853500528 0.891992748356151 0.884216263812701
"trial47" 0.899225922522016 0.898152946128891 0.898859507035523 0.887955678095478 0.892231143095301 0.889999752643789 0.88848433110636 0.881293621304684 0.890065715842426
"trial48" 0.895527157443945 0.902414007863786 0.895657944827175 0.893276270768719 0.893805690409559 0.889876245875737 0.89294546989369 0.894883958210176 0.889128538880756
"trial49" 0.894682766785136 0.897996974120881 0.897760495312152 0.900557606646923 0.897576984154506 0.887813186214028 0.890468900749484 0.892395749713694 0.886423027387618
"trial50" 0.903000200532674 0.890893405046489 0.902961634337057 0.894122172188318 0.895119729232324 0.892643628431352 0.888770619146512 0.88608577165702 0.89323498332319
