"m=2" "m=3" "m=4" "m=5" "m=6" "m=7" "m=8" "m=9" "m=10"
"trial1" 0.901336441763536 0.901545341389833 0.901845059038695 0.901908161632861 0.901388400355821 0.901780169021512 0.900840240227546 0.901093137686281 0.900869655779998
"trial2" 0.90229965329134 0.900888512002471 0.900907600105738 0.90156486579058 0.900660730746234 0.901690432435417 0.900949220565788 0.900293720551232 0.901734498350918
"trial3" 0.902350566970862 0.901605190154778 0.901116768782475 0.901307237296647 0.900552145312907 0.901259386402349 0.900458020644233 0.90169045047835 0.900975127310026
"trial4" 0.901167475601627 0.90227693355162 0.900696109102789 0.900813368467765 0.901555124709219 0.902436145394963 0.901617947132535 0.900689315495361 0.902034896325271
"trial5" 0.901373086858519 0.901656791220315 0.901472605587599 0.901428920059207 0.900702818030096 0.900913935372462 0.900396325601714 0.901525269288782 0.900480020862608
"trial6" 0.901970338483852 0.901099885652718 0.90039783109207 0.899508850321788 0.900417375634074 0.901356992067695 0.89993816450132 0.901316194195316 0.901070361765175
"trial7" 0.901364145851863 0.90176378941736 0.900003665498983 0.900263665114249 0.90113271767985 0.901710864809618 0.900479103631404 0.901713525075765 0.9013080176601
"trial8" 0.90202835491522 0.900903120315718 0.901117521734707 0.901537207992046 0.900383555043998 0.901162004462447 0.90149044483095 0.901384660529815 0.901033382864882
"trial9" 0.901484576514349 0.900981926281915 0.901365336357004 0.901260697047856 0.900933989297785 0.899979805717378 0.900235598143673 0.901086839893341 0.901482503800657
"trial10" 0.901445667934487 0.9010795553161 0.900076847948712 0.900810480737521 0.900856953341586 0.900537481875414 0.900381779282665 0.900131216103821 0.90094975672214
"trial11" 0.901206125381619 0.89989965505396 0.900905560224843 0.900584338340202 0.901564161026929 0.900877251005104 0.900286034296113 0.901692663797616 0.900575387024782
"trial12" 0.900398081397262 0.901876342998567 0.899837400419268 0.900613225743113 0.900500182030473 0.901202355253559 0.90109014860595 0.900914175141722 0.901692106206752
"trial13" 0.901606035667627 0.900785659680504 0.902057157573257 0.900926115649922 0.901621982359492 0.900980087625774 0.900972735574296 0.90099881177742 0.90140147031956
"trial14" 0.902395098703381 0.901173562827988 0.900238753117684 0.901102942368148 0.900754648934452 0.900992429345863 0.90144886464852 0.900772120350374 0.901357410076587
"trial15" 0.901499645480694 0.901780359184505 0.902450190035171 0.901367422536019 0.90221076613016 0.901127013732622 0.900470079507432 0.901338434832531 0.901656838328022
"trial16" 0.900495479672584 0.90054392868163 0.900802880427787 0.900076774426412 0.901894368435055 0.901754934346916 0.900978495209287 0.901410732813384 0.900529865979939
"trial17" 0.901814634016572 0.900712691565512 0.9007976416991 0.901135667190956 0.900687999506824 0.900552678029776 0.900261038524568 0.900801814014563 0.901765099435013
"trial18" 0.901436430917503 0.9021018153181 0.90191453451876 0.901798766271362 0.900703586315033 0.90074253630526 0.900129935019614 0.900911906831766 0.901812813838624
"trial19" 0.902655159697574 0.901014489083994 0.90203166665727 0.899962939347672 0.900997595938318 0.900203343160413 0.900895045086038 0.901311615158889 0.900315320036308
"trial20" 0.900334055793222 0.900514257824251 0.901432484191894 0.902223537383506 0.901992254540547 0.900708074719114 0.900462278375554 0.901024027979919 0.900780106473611
"trial21" 0.900559946770219 0.900586248703542 0.901482959035139 0.900192460598783 0.900766667545578 0.900424307674703 0.901148030104356 0.90060100592794 0.900996460400365
"trial22" 0.903154576996214 0.902128455657126 0.90075565608925 0.898945705165547 0.900786169339884 0.901135001748598 0.900128996904728 0.901101629215345 0.901002689345492
"trial23" 0.902092322986737 0.900856583808836 0.902072257221514 0.900923763163282 0.901152056563963 0.901325307786191 0.900317077627811 0.900769347277402 0.900554331701371
"trial24" 0.901328688015574 0.900912753297977 0.90097733848267 0.900746299378478 0.901629602132735 0.900415517367665 0.900487462765347 0.900699496850364 0.901037584977688
"trial25" 0.901351396867887 0.90230578033677 0.902351482170391 0.900006459769068 0.901459663419801 0.903164980989638 0.900784411492078 0.90045984260959 0.901613611218727
"trial26" 0.901166234749732 0.901105780992536 0.900513175234917 0.901559314777754 0.901573701503758 0.901115208198472 0.900911011029456 0.900186184526544 0.900702219145747
"trial27" 0.900357411546172 0.90032290877329 0.900773045306157 0.90063219025104 0.900824583681287 0.900895375673123 0.900341705238814 0.900764675703722 0.901968838170754
"trial28" 0.901763247889634 0.901413270524514 0.899882333181799 0.90145313229605 0.900688178517539 0.901014770308655 0.900719350656293 0.90074970203143 0.900879638174071
"trial29" 0.902337907991035 0.901699646119385 0.902247970681707 0.899838725917603 0.901622015246526 0.900104525561091 0.901093073481096 0.900978279592145 0.900370456392087
"trial30" 0.901463955248838 0.901098846683095 0.901097608623646 0.900742917410935 0.901906518022797 0.901335387399395 0.901683107592049 0.900925713423698 0.901249903045332
"trial31" 0.901258807033437 0.901430838915539 0.902142121321781 0.901508777090183 0.900707102555387 0.901779739687986 0.89993584326987 0.900733315929834 0.900047170197988
"trial32" 0.902494809084244 0.901711740763445 0.901357711849218 0.900288224199917 0.900113705917946 0.900222955494749 0.899193567659742 0.900998995924232 0.90061778365481
"trial33" 0.899610764605488 0.903184609947859 0.90064754297458 0.900788383428553 0.901010102423029 0.900154589037174 0.900818150612579 0.900977549618119 0.900232095231827
"trial34" 0.900674515555679 0.901433287477894 0.900493495648941 0.900657503627159 0.901321407157399 0.901078014653836 0.902415784947052 0.901287039778325 0.901199231030471
"trial35" 0.901924061182681 0.902719745520263 0.901737850923149 0.901324865096179 0.901675299016709 0.900375562411513 0.899791095041691 0.901180891561714 0.901389623590783
"trial36" 0.902450017437849 0.901446510829083 0.902027760430837 0.900528011108949 0.901321349629999 0.90134515688621 0.901526575735268 0.901303676395221 0.901900972245991
"trial37" 0.901243804386393 0.90073373114747 0.900609038472162 0.900919154211601 0.900995850744683 0.900139816355177 0.901474861214089 0.901562295163375 0.900730869608595
"trial38" 0.901582276699103 0.902161799975854 0.902104016435577 0.901473832990961 0.900352070467921 0.902181581830786 0.90063129223203 0.900826678121457 0.901072821722499
"trial39" 0.899972027948111 0.902664157870736 0.901037639090837 0.901603959005271 0.901549796730553 0.900767457653218 0.900848181951298 0.901201819028234 0.900511343913523
"trial40" 0.901575914899799 0.900728833709295 0.901223934868429 0.901191772245838 0.901110120641377 0.900705349808638 0.901649728503887 0.901217264414259 0.901540321250104
"trial41" 0.899885067441467 0.900224924940104 0.901368994308762 0.901104977079105 0.900446706196729 0.900673628912303 0.899950354360098 0.900729374151225 0.901208385590289
"trial42" 0.899560035280606 0.900869565062418 0.90138828727479 0.900003812427709 0.901491669239406 0.901164437725182 0.900212464124054 0.900359283040696 0.900682896550068
"trial43" 0.900841332909354 0.902190706380429 0.90070315457019 0.901612415247807 0.900513332209292 0.902463705447491 0.901211129977869 0.900746516994371 0.900332790184088
"trial44" 0.902861556255635 0.901339821384779 0.901838689955115 0.901502011478965 0.901139948399488 0.900955513036285 0.901263287711542 0.901143675574353 0.901629366611121
"trial45" 0.902192195768826 0.902369031214684 0.901825441786496 0.900994322076101 0.902318983521126 0.900841247605529 0.900376280381687 0.900481847356069 0.900918526833968
"trial46" 0.900834930550182 0.901655183896305 0.902155380769777 0.901087567594742 0.90213047773087 0.900443693347559 0.900939704370177 0.901012445362959 0.90155844398715
"trial47" 0.90155839029318 0.902023404945733 0.899967374249992 0.901366455581441 0.90108083139113 0.90101868574787 0.901664867972862 0.90072968639709 0.901757912985637
"trial48" 0.902221280862982 0.900088941398359 0.901902891104518 0.90103553500638 0.90151200593461 0.900595851819998 0.900531711156846 0.901636659942721 0.900693110103644
"trial49" 0.901244456316927 0.901970598531559 0.901088514378606 0.900208529437131 0.90198195253942 0.900552651276245 0.901749258378002 0.902101580692973 0.901384538100882
"trial50" 0.901523974897748 0.901034787581303 0.900997141632746 0.900965857266702 0.900683545878318 0.90089942616714 0.900875120006501 0.901852084983425 0.900738310722196
