"m=20" "m=40" "m=60" "m=80" "m=100" "m=120" "m=140" "m=160" "m=180" "m=200" "m=220" "m=240" "m=260"
"trial1" -25.8243012844859 -24.0090546288524 -24.0004604762134 -23.8639308898375 -23.7755250111916 -23.5592543735866 -23.2690547404448 -22.9248953812178 -22.6700684029782 -22.4343162616966 -22.3705934573547 -22.2768679112433 -22.2834554209112
"trial2" -25.7993596291474 -23.9840737490163 -23.9306601785046 -23.8666233733559 -23.8193589474333 -23.6461822364961 -23.3349893649204 -23.044903425847 -22.656130248349 -22.6482949770217 -22.3159127883929 -22.0507147615516 -22.1157090094052
"trial3" -25.8133602879344 -23.9747102944013 -23.9444838126805 -23.900181413887 -23.6894174890831 -23.5070538390747 -23.2571591091407 -23.1172560636563 -22.6687563505083 9.41068186292102 -22.3916103050443 -22.2202067084331 -22.354598681848
"trial4" -25.7511390673834 -23.9579800896855 -23.9253835731043 -23.8583070355168 -23.7218584957117 -23.5991630179733 -23.4296464300409 5.19335247809169 -22.759981780299 -22.4530450162523 -22.3305391017756 -22.3837482691391 -22.1664837575305
"trial5" -25.7693078491104 -23.9523522273669 -23.9908349895341 -23.9645821662142 -23.7432903865185 -23.6774643427946 -23.3573482849058 -23.1549156336093 -22.8527839074747 -22.8647971225801 4.49829306057911 -22.2184146658719 -22.2166011173094
"trial6" -25.7944498736551 -23.9554885816645 -23.9889492889038 -23.8271149755373 -23.6782859588275 -23.5352853731982 -23.2916948506004 5.5489791550665 -22.7829959526491 -22.4082787288839 -22.4185063827442 -22.307306379702 3.86313619535315
"trial7" -25.8135406186067 -24.0316957204869 -23.8519791629166 -23.8818622606577 -23.6826490785183 -23.6605503434922 -23.3357310450503 -22.9431543003442 -22.8314026695417 -22.5605430770344 -22.5327060673871 -22.2713642329631 -22.1818163411267
"trial8" -25.7789685245075 -23.8969157529805 -23.915981877919 -23.898492372417 -23.8902464761638 -23.5860733991052 -23.46616272223 -23.1638253452045 -22.7975091215008 -22.5109354702731 5.99142952942981 -22.4860077105797 -22.1756121159109
"trial9" -25.807112835922 -24.0704840029915 -23.8715044118331 -23.930853923279 -23.7021169330839 -23.6127435698261 -23.3739439725555 -22.9702900756215 -22.8184976999323 -22.6869238966428 -22.2661689293133 -22.2202606857852 -22.2814696622843
"trial10" -25.8404660009041 -23.88588920124 -23.917872417942 -23.844966051212 -23.7702506933978 -23.5124776294537 -23.3060671030472 -22.9832524116965 -22.8301543182492 -22.5737774517589 -22.4774805610529 -22.282756564673 -22.2600811373
"trial11" -25.6899340026631 -23.9248891643922 -23.8933815747036 -23.8298241894858 -23.7002483535961 -23.4806032766318 -23.2828959843567 5.24252928447705 -22.7198850117935 -22.4287563713426 -22.5291530810133 -22.2322540020052 0.417577646731613
"trial12" -25.9016122347933 -23.9977951594476 -23.9125901520505 -23.8269281074627 -23.6325974878829 -23.6052302688588 3634.22943266834 -22.9851223819975 -22.8569460957637 -22.4537515743093 -22.3620035364307 -22.4246869848086 -22.1947954188844
"trial13" -25.7565679166038 -24.0330786808069 -23.8684550748064 -23.8489528165556 -23.8423979519861 -23.5886959312064 -23.4143337165404 -23.0682454359009 -22.8013130829338 -22.6656009595036 -22.3145422469245 -0.209192853798721 4.85433487149146
"trial14" -25.7840647491528 -24.0074787045556 -23.9608930049376 -23.8076340026678 -23.7994301677409 -23.5806920484639 -23.2289825811906 -22.9511049565532 -22.7502900271454 -22.492179802943 -22.4813442740531 -22.3179384833615 4.98031178366228
"trial15" -25.8779543528663 -23.891582087471 -23.8892893978687 -23.806540529707 -23.7633176886127 -23.6203432390543 -23.3876728542117 -23.0234223213193 -22.8189227562308 -22.8048864461226 -22.5014504481298 -22.2606258502967 -22.366220134999
"trial16" -25.822216040105 -23.9347530660332 -23.9746971766257 -23.8283159799119 -23.7900865598902 -23.584981860814 -23.308574823512 -23.1823950462614 -22.9023591572871 -22.6723274976774 -22.5100811239496 -22.4339169589846 -22.3059984011846
"trial17" -25.8049631550829 -24.0009515678596 -23.9807492254334 -23.8713526705057 -23.7169622831354 -23.4878306368703 -23.2246349264027 -22.9797433536806 -22.7176543117749 -22.5052866738321 -22.3549187979865 -22.3319926895385 -22.2871139199573
"trial18" -25.7321619454417 -23.9352695175649 -23.9717997897272 -23.8867499843356 -23.7204213309011 -23.4284449486673 -23.2758008594942 -23.1637674176906 -22.8349554197838 -22.404349672935 5.42454413866812 -22.2557728328669 -22.2135441861329
"trial19" -25.800725913232 -23.9926870269156 -23.9665947210009 -23.93348058709 -23.6671899516603 -23.5593799993945 -23.2553139177026 -22.954941313647 -22.6236666707638 -22.3680093452572 -22.3481560189961 6.45288802837353 -22.1410203070708
"trial20" -25.7278113153956 -23.9951037725188 -23.8728558547608 -23.9419211377072 -23.6897865321454 -23.5899680204125 -23.234234285751 -22.9240618500985 -22.6312139228234 -22.4256325373107 -22.3003342804032 -22.2336863350339 -21.9920769301963
"trial21" -25.799492737378 -23.9964373654708 -23.9036936451636 -23.9116364589164 -23.7018167824119 -23.6932491954177 -23.3789673510652 -23.1048851285494 -22.6918360548043 6.38049550518803 4.69325404527195 -22.2848360687511 -22.1391968677974
"trial22" -25.7385158467308 -23.997561684407 -23.8523502256235 -23.704082447854 -23.6759980371604 -23.368171838488 -23.2350319055204 -22.9867981850992 -22.6307801698447 -22.5081241482721 -22.4096007050178 -22.2096742033632 -22.2270664852551
"trial23" -25.8571536745772 -24.0367528598907 -23.9312673033664 -23.8178033029212 -23.7233354668929 -23.5564338753863 -23.3324105437569 -23.0376769647801 -22.6845407225448 6.01189503319666 -22.3664413106232 -22.1937215614307 -22.1323961973463
"trial24" -25.7727232865685 -23.9794567178146 -23.9039487926345 -23.8490114367592 -23.7947390583372 -23.5745188465052 -23.3878459648937 -23.0557620385934 -22.7584987888873 -22.5080215458223 -22.4714065135712 -22.3947849235479 -22.2225786060052
"trial25" -25.8207602684914 -23.936461357095 -23.9381850585124 -23.7144505431975 -23.7501106395686 -23.475054362032 -23.3046193188469 -22.9549064003024 -22.7454451084307 -22.6261553186989 -22.243996466945 -22.2463368921538 -22.0955922229146
"trial26" -25.7853055412845 -23.8893809406702 -23.9517368081952 -23.9195846068223 -23.8244391164674 -23.6099921025532 -23.3350971315391 -23.0386063206374 -22.6029756250925 -22.6611605547237 -22.3879182352633 -22.1880310515235 -22.2321612451308
"trial27" -25.8017456606649 -24.0406648504545 -24.1299754429981 -24.023971459357 -23.7464643376704 -23.6152337460285 -23.3966262133887 -23.0586725084144 -22.5745707202469 -22.3075382382945 -22.1915951030257 -22.0183330273581 -21.9806516107559
"trial28" -25.9009015064687 -24.0051846421744 -23.9829847080034 -23.912757414956 -23.7504923191921 -23.5042573070258 -23.344096006585 -23.1276202469198 -22.7589145487044 -22.4867783621823 -22.3135524299698 -22.3320275876467 -22.3236173979292
"trial29" -25.7679215603655 -23.9531702049184 -24.0098060244148 -23.8523589929541 -23.8185711631389 -23.5728894268412 -23.3327034829371 -23.0475911162054 -22.7740735569193 5.25537377160996 -22.5482239039184 -22.5006935174394 -22.1490758689861
"trial30" -25.8711811634197 -23.9112281773318 -23.96131115074 -23.8078050995788 -23.8639663470133 -23.6867814513652 -23.255833151457 -22.9760187397649 -22.796102524981 -22.6197296696348 -22.521130439734 -22.4569563303551 -22.3757655442322
"trial31" -25.8094044344657 -23.9405461870532 -23.9200332491951 -23.8976398272551 -23.7516683270409 -23.6614654930225 -23.3722662197271 -23.0434358065956 -22.7492758322388 -22.6217947485925 -22.5214342057042 -22.4269720204373 -22.1681711554972
"trial32" -25.7730611323558 -23.9341520785528 -23.9569769284353 -23.9123785932817 -23.7819298177715 -23.4930808945535 -23.3042373076994 -23.1208484618743 -22.8432255504163 -22.4961315840793 -22.2899712923027 -22.1352261201832 -21.9891242673735
"trial33" -25.7289344888552 -24.0282187943652 -23.882621964008 -23.8363788831977 -23.6913052718443 -23.5011623396836 -23.3139040999703 -23.1609560296955 -22.7402265289116 -22.4050017688774 -22.318002986589 -22.1447831598725 -22.2713196657829
"trial34" -25.8941132348919 -23.9222744619526 -23.8684680943457 -23.9698968367239 -23.6970529442828 -23.5576071452133 -23.3297568295742 -22.9216975871578 -22.7237340658756 -22.394806248656 -22.2540943065642 -22.2926450826821 2.98607472757385
"trial35" -25.691605296102 -23.8895322358426 -24.0002475648323 -23.8702875276959 -23.827185461561 -23.5742831659394 -23.306596479173 -23.1475250412427 -22.7612052557515 -22.5110735428549 -22.4461280893495 5.13656073879214 -22.4197135393202
"trial36" -25.8009299466465 -23.9840483609318 -23.8499506209423 -23.8230645622242 -23.6307156839664 -23.6137049511648 -23.1856312467384 -23.0533096562642 -22.58122605584 -22.5129626387907 -22.2333967333106 -22.1019286472505 -21.9368001801069
"trial37" -25.8110791416609 -23.9280143523264 -23.9355779027767 -23.7743711390158 -23.6432900480706 -23.5989381914892 -23.2945842135537 -23.108324931002 -22.8105875314375 4.82114634414407 5.88936349467315 -22.314685176472 -22.2686426158753
"trial38" -25.8083827393796 -23.9772632418073 -24.0259459102414 -23.8433218529061 -23.6812564964962 -23.6056840064321 -23.3806937244285 -22.9266770769715 -22.7248716569812 -22.4727506336193 -22.3593453321152 -22.1340574810141 -22.0541313114164
"trial39" -25.7778359088094 -23.9189812650118 -24.0266073243904 -23.9582282356266 -23.7749117626765 -23.4661812060768 -23.3098145900963 -22.7258322665474 -22.5602088925295 -22.3638073999964 -22.2679901746337 -22.06182285433 -22.0793889270307
"trial40" -25.8040167208371 -24.1052140294538 -23.8725214289225 -23.7950076429201 -23.7942135413583 -23.5576765777957 -23.2454564159549 -23.0229665961455 -22.5866326334677 -22.4593928307831 -22.3827803331354 -22.3307206157931 -22.0861663955626
"trial41" -25.7250190783297 -23.8881062324785 -23.8856366268209 -23.8005043512097 -23.7329562584345 -23.5738271598109 -23.4508353827331 -23.0174306042652 -22.7711272616759 -22.5937687920253 -22.3587699773038 -22.3260170576033 -22.1905755388491
"trial42" -25.7724458146386 -24.0375857554186 -24.0245850573911 -23.8954446976379 -23.7728990367064 -23.5877699212902 -23.2723175625055 -22.9072505325194 -22.4771216922392 -22.3614378243272 -22.3975812790577 -22.2353778806845 -22.2006671932865
"trial43" -25.8898349556579 -24.0192741843772 -23.9930453186281 -23.9633374150284 -23.739711516115 -23.4893612228618 -23.226178447589 -23.0467444547452 -22.7648607542014 -22.6199148364203 -22.2287412134874 -22.2475196870696 -22.1176636178938
"trial44" -25.7622799072228 -24.0481917780474 -23.9963749805097 -23.8377274504431 -23.8066586699619 -23.5155700197857 -23.3598322940502 -23.1263952709013 -22.5797056467012 4.26488137546542 -22.4053859550455 4.52778422256946 -22.1526777013436
"trial45" -25.7754922433064 -23.950499321134 -23.9534808280716 -23.922602012057 -23.8166149516117 -23.6694335169526 -23.3408444040146 -22.9171071196591 -22.6742487311187 -22.4571801529233 -22.291194444971 -22.2734929373795 -22.230016319827
"trial46" -25.7562627052102 -24.0815679445038 -23.9215653621282 -23.8527330838129 -23.736962541832 -23.5467815496443 -23.2958874385176 -22.9192467051265 -22.6743266911108 -22.2808628934442 -22.1635459891807 -22.1569283751958 -22.2362997689628
"trial47" -25.7763561001024 -23.9066434893275 -24.0283960323138 -23.9268916567384 -23.8584681913612 -23.6352813547048 -23.4583027944276 -22.9667805423394 -22.6532054859605 -22.3891756493164 -22.3305974983716 -22.1185675325645 -22.1762404821304
"trial48" -25.781480030811 -23.9545873734921 -23.8166149015348 -23.7979315297802 -23.8180942006094 -23.6353682604096 -23.2647730320799 -22.9107601703325 -22.7764094445468 -22.5248370674161 -22.3876396336321 -22.1281338000099 -22.0415516895554
"trial49" -25.6713795166593 -23.980882553894 -24.0125938066175 -23.9002350582874 -23.7909746064457 -23.6283101063559 -23.2726455096093 -22.9824718648374 -22.6800884437206 -22.5455655948336 -22.3448672380403 -22.3288710708422 -21.9314294068452
"trial50" -25.8210648635529 -24.0272705193571 -23.8201476672811 -23.8279993619731 -23.7706846881343 -23.620625676743 -23.3563809963489 4.74502378779401 -22.7094355042849 5.39770693022786 -22.3458709927057 -22.2123847447941 5.76128150245909
