"m=20" "m=40" "m=60" "m=80" "m=100" "m=120" "m=140" "m=160" "m=180" "m=200" "m=220" "m=240" "m=260"
"trial1" 4086.12312366304 5437.96767268912 5825.31698609218 6024.78436655866 6152.68779795648 6237.30625865482 6295.49903497032 6334.50610563777 6357.62017969406 6373.99452782766 6386.60525384436 6392.37982901628 6398.08586206914
"trial2" 4082.22755223275 5448.2591329904 5838.00253251033 6028.84835580467 6153.40995689087 6243.94320593272 6301.68368110843 6335.4422354174 6356.91936512138 6375.151180265 6384.92163699415 6394.54152483317 6397.67907491737
"trial3" 4079.08223581891 5447.77238210069 5826.41358648165 6027.20269904925 6155.95204159302 6243.33806206501 6301.10067745901 6337.11882927526 6361.04304922155 6375.46418933647 6387.73789687127 6395.71104509761 6399.67342048081
"trial4" 4090.36003125878 5453.83252461679 5830.50137547049 6022.38169205724 6158.23813096698 6247.08127446626 6300.81489951486 6335.12892846 6357.33834301898 6371.8877186951 6382.12443814511 6393.86846482183 -1945.20014202572
"trial5" 4090.13956470197 5443.60881525763 5821.85446463021 6030.07728992281 6157.54052024921 6242.16933928584 6298.52781565455 6341.36905321861 6359.36066045818 6375.82671250365 6386.82396101059 -2904.18183626648 6402.06766662559
"trial6" 4092.94741958221 5450.05416252245 5824.22876890571 6024.82658143157 6154.10233305804 6241.14565940348 6298.33512052061 6334.50412933314 6358.84019415906 6371.04523604224 6383.82107955894 6395.35172819068 6397.28781512219
"trial7" 4082.93581922606 5446.0204266195 5828.96956672864 6025.50705314404 6151.45246012364 6243.68597047853 6298.48645612498 6336.06835017824 6358.40818025864 6375.85196189208 6385.10466152452 6396.81385910981 6399.16989142548
"trial8" 4079.80869247717 5443.02248959376 5829.33996583568 6031.43244410476 6158.2271849691 6249.06898598319 6300.80933522684 6337.22021704692 6359.96466364199 6373.71864402808 6387.46438603009 6394.52498185628 6398.34987575865
"trial9" 4081.62054506388 5451.07398231741 5827.18602644038 6029.47959955336 6156.45079261576 6243.2293521473 6297.35925184824 6338.56988559216 6360.83848357263 6377.6243684755 6390.81054948068 6395.11251731018 6400.76716569613
"trial10" 4093.78765382368 5444.75663268301 5832.14283223142 6029.78799367919 6155.05786076939 6240.29590415256 6294.37164194768 6334.43147757574 6358.23707184395 6375.55534225421 6384.55273552575 6394.5215993464 6398.08272010837
"trial11" 4107.64318181745 5441.60129371654 5829.19964907907 6027.60182423123 6157.47396305079 6240.43864940442 6296.76346959721 6333.14115350744 6356.69315272094 6374.08209326544 6383.02745106442 6391.69852763085 6401.30470393707
"trial12" 4094.69512900576 5446.32319775692 5828.45991637634 6032.92942461827 6153.73532432976 6242.66986790263 6298.44564312911 6334.28846887658 6357.49795701144 6371.90610919262 6382.9936841217 6392.38308000971 6398.46448685941
"trial13" 4080.86653070917 5448.94655435732 5834.89347877272 6032.41559617495 6154.86172324932 6246.01595185206 6303.34201664326 6333.41361635635 6353.20493025942 6370.51765720379 6385.6658320263 6397.89142324911 6401.5918373729
"trial14" 4093.86212446071 5445.83478874801 5832.27010610587 6030.17223796241 6157.30972136512 6243.76205049757 6300.90462659734 6336.79893815088 6362.78174212235 6377.74247500514 6385.84268523359 6395.56972914519 6402.65992409121
"trial15" 4092.43717001601 5440.56504270583 5831.88137220831 6029.61155674108 6157.89821877281 6243.39992185922 6299.90232745119 6337.01515654788 6359.19109316605 6372.70173077979 6382.65712453243 6392.13467275652 6399.42574415385
"trial16" 4103.59257318114 5447.13561595216 5819.7396326096 6029.37073821445 6157.99383083787 6247.23583234075 6299.9610640661 6340.81346264866 6359.7031265735 6379.383160012 6384.92052549648 6394.8701190012 6402.08206151036
"trial17" 4101.64940791585 5447.37137980393 5830.53743305177 6031.43797794071 6156.3566527379 6243.26144655811 6296.03363125775 6334.51367211228 6356.57263114703 6370.9575784841 6383.61026539624 6392.46670257897 6397.86651113798
"trial18" 4094.17244017784 5446.18416092887 5831.92518858646 6032.23221280037 6159.06390671572 6240.08481693824 6296.29098274833 6333.42804176417 6358.98823385395 6375.78262821502 6386.09464968754 6394.51312243567 6400.71920244432
"trial19" 4078.52073806672 5438.33117219519 5823.65473606617 6022.84854058891 6153.26122540412 6246.2156160876 6299.36179185963 6338.74135426585 6358.40455284323 6376.41745090304 6384.85802447778 6393.60341619594 6397.84647131611
"trial20" 4096.93823910962 5440.37851695713 5816.84831759541 6026.20084749597 6153.39174110015 6240.17917393369 6300.74446925015 6335.25182026084 6360.25563601758 6377.73477918012 6385.41320720242 6395.68622055739 6403.37371281886
"trial21" 4097.19274477929 5443.43780812152 5829.110097869 6029.51603581862 6146.74024599711 6236.74764129727 6301.59474910053 6332.5326841871 6356.22449126037 6373.36649598038 6382.19424597783 6393.24174133747 6396.86122454837
"trial22" 4101.43199450729 5449.79931408193 5831.0259183991 6028.51339931782 6151.42050686216 6239.51864235188 6296.28549056894 6333.6917197586 6428.55197070415 6371.91855215261 6384.86031327656 6391.53132248887 6399.71691918595
"trial23" 4086.600126147 5444.8451720243 5824.19816423348 6025.91982353474 6152.73177126854 6240.79269979592 6297.21839169777 6331.8173416995 6356.67464707293 6373.05171791224 6382.89430594267 6392.63754601577 6398.033902771
"trial24" 4084.39516978006 5447.56717512496 5825.68536400635 6027.2843641038 6159.41362283395 6242.56577579669 6297.53254584264 6335.58690718486 6358.05789307677 6373.32065349787 6382.26591673045 6395.97123996074 6399.74651460564
"trial25" 4090.35506058454 5446.96913191677 5829.80497544569 6025.26266130635 6154.19573209784 6241.7484195526 6292.63023614782 6331.24071019787 6354.90923417147 6372.51390153039 6384.92742444331 6391.58447729662 6395.8708984394
"trial26" 4089.8816898616 5452.03943767772 5832.3167377935 6030.30734701993 6154.06177860332 6239.59415232109 6301.28059373252 6335.20054474745 6361.9829608151 6374.08084497515 6383.30323159812 6393.86214033867 6399.01305906388
"trial27" 4092.95674586803 5450.97486334845 5822.60159443855 6027.82685459128 6153.97507194982 6240.11252597964 6295.42399090085 6337.84459859168 6356.92967973869 6375.16742665402 6386.75756647364 6394.8659545308 6400.0021996512
"trial28" 4083.2547417772 5445.93598436913 5825.60046650461 6032.10003282017 6158.33081457327 6241.96186841623 6298.33247521874 6333.16473555528 6356.7757272364 6375.72347394252 6387.00807612712 6392.29857464506 6400.3793984264
"trial29" 4082.3235010003 5444.1751920901 5828.00641379607 6025.31093374114 6152.24646397716 6238.90569785115 6295.47872076239 6334.74690455128 6357.81091754133 6373.37873647531 6385.6884714464 6394.60539849496 6400.63882657352
"trial30" 4095.84152253171 5445.82309582836 5830.37268100553 6024.99663485254 6154.22388552666 6240.46591927302 6299.72567262881 6334.36123329938 6358.64189415674 6374.29054042401 6385.24063633461 6394.63125764891 6399.93902467471
"trial31" 4097.9916201491 5441.25668448299 5829.86900768559 6026.83031525147 6152.83976165324 6244.56351040642 6297.03158372816 6334.58107016123 6359.90080641782 6373.64904503804 6386.86163931158 6391.00965486656 6400.68678196966
"trial32" 4092.3593785946 5452.45742092118 5828.21611805483 6028.98100891927 6153.13646850564 6239.96125300104 6300.15466794187 6333.15147134582 6357.32538616555 6370.78997323702 6385.01133202602 6393.52660064538 6399.61740194239
"trial33" 4095.15580314713 5446.72756522859 5822.48104119011 6027.03722987702 6155.37447426361 6245.8316011686 6303.67172295245 6336.54473205748 6361.66340186106 6377.3368985457 6384.81684442991 6395.834668024 6401.21564513603
"trial34" 4087.06979207359 5447.90074306429 5822.94077188346 6027.32707428506 6155.69744967442 6245.47178737826 6299.23722148977 6333.54482008079 6359.51580973159 6376.45842583244 6386.0067464127 6393.69202824687 6400.62011475143
"trial35" 4087.83974264051 5449.27078824162 5829.36936699421 6027.36750419049 6151.2687468676 6237.36320955124 6299.02900075998 6335.52696564765 6357.02148693267 6375.23022298484 6386.88396421357 6392.92140502212 6400.2499571448
"trial36" 4093.96508213076 5450.91029807088 5829.22575601163 6030.17082918207 6155.88968398093 6241.04881414943 6300.48625994943 6333.82119364466 6359.6201346625 6378.35401758352 6389.97100712174 6393.39777589749 6400.88441224489
"trial37" 4086.83825017973 5444.10283775806 5827.24372864804 6021.33520229179 6154.67243545325 6239.10178738041 6296.20386247991 6333.03148658365 6358.13327050553 6373.15620227085 6386.18272609554 6392.81465620081 6397.30819606104
"trial38" 4088.49678992551 5450.53960977379 5834.62493479281 6032.45700165441 6157.865139849 6243.86462285234 6296.36194291633 6330.34929785603 6354.98900261135 6371.02425696445 6382.42660710397 6393.02304256204 6397.63175721056
"trial39" 4091.66077487526 5447.63542961627 5831.35302096789 6030.36911817017 6159.69904252591 6246.49590903821 6298.07248777435 6336.83158431766 6359.05396752507 6374.14552261191 6385.253827792 6393.08972848589 6396.48205830408
"trial40" 4092.64239373923 5445.84224958686 5836.99739968929 6032.75392261409 6157.37590538242 6245.04826357401 6302.76930015188 6335.88417021779 6361.13648513075 6374.99048813615 6386.19312890139 6391.73785078128 6397.64572873687
"trial41" 4082.86352826208 5448.31115605823 5819.38680375411 6024.35958208652 6151.12409054435 6238.80724097577 6300.12211079171 6334.14998142114 6359.18285873058 6373.93002511068 6386.41602001578 6394.13710605312 6402.9029724675
"trial42" 4100.601308225 5438.6586307768 5819.50078497534 6023.20166152731 6152.64715441542 6241.2145073359 6299.14434422373 6335.69072210421 6354.30069080757 6372.68652724072 6385.19353729903 6393.85383671335 6399.3795680884
"trial43" 4105.77862564141 5448.94880862257 5831.45436520383 6027.22001314031 6154.26777676346 6244.00383366566 6299.71385192397 6334.1505274907 6362.64769699946 -811.887900114712 6386.93116216991 6394.85885650831 6401.09498082833
"trial44" 4082.77893098511 5442.33710780553 5833.38734165055 6028.68576193181 6149.81182063557 6241.29708358618 6297.24600293597 6333.10228115746 6355.33702880455 6372.49670945965 6382.8784933095 6390.73329724867 6398.69304153262
"trial45" 4086.16311298916 5447.1071594409 5825.45987180882 6028.240672919 6155.14951580555 6241.88278418096 6297.29044388194 6336.34288287305 6358.18852289265 6373.03745189368 6386.56699340273 6393.31005159593 6397.99993320707
"trial46" 4093.488127865 5446.13521306851 5824.86082387537 6027.87748195254 6154.27658223718 6241.88109650811 6297.23310318185 6334.75370371519 6356.97830061638 6374.4434966755 6387.74524071673 6394.50853178257 6397.96673933657
"trial47" 4088.24297694203 5438.90373854121 5831.98332963863 6029.63853346289 6156.20537470436 6239.45222483421 6299.5122517366 6337.00926919493 6360.10469137211 6377.44301589883 6386.97056358577 6395.97112407424 6399.85191248778
"trial48" 4078.6300603566 5437.39310631284 5827.29784270325 6028.82941618754 6156.56027609658 6239.01617479939 6301.32521476276 6334.38464939662 6358.78991668758 6434.2387674782 6382.15655404544 6392.27973104747 6401.06543590008
"trial49" 4110.88665926885 5452.11519432272 5831.23568773256 6025.85521772481 6155.67049362651 6239.67153148083 6296.77462825323 6334.48362107604 6360.83932307716 6375.20056005522 6385.81035473921 6394.81290425729 6402.51745407408
"trial50" 4083.51630470842 5444.15574037898 5831.03407564912 6027.95137337019 6149.97986433479 6235.56847051967 6294.26456505756 6333.23882911728 6356.67644216206 6375.09955979124 6385.50021037855 6394.2148810421 6399.68237897899
