"m=20" "m=40" "m=60" "m=80" "m=100" "m=120" "m=140" "m=160" "m=180" "m=200" "m=220" "m=240" "m=260"
"trial1" -23.7846586956551 319.221627509362 445.745041579163 508.260400578783 544.238613248618 564.169909657016 576.558496425632 581.285820751059 583.058631442765 583.775760390243 587.088956116528 590.191995723745 591.870307421755
"trial2" -19.4135369252311 320.82365087885 446.576577157765 506.350411719046 545.250203495712 563.933039692403 575.548981578968 578.8766820356 582.932631710892 589.283524138626 586.845250439783 586.952013111262 589.837918311003
"trial3" -22.566960441396 321.453728079285 445.32380342964 507.439223814827 542.995684365371 564.341243451369 573.758902596373 583.567468642002 582.998819525802 -19.2895531889891 590.173540622917 589.916769152443 592.77597393078
"trial4" -13.64850555005 319.80939462073 445.059457342039 508.124655386559 544.063152891963 563.541434302051 575.691601369862 76.8637977008672 584.54139811119 583.32734654185 588.09374223738 590.77394142209 588.920410455041
"trial5" -16.455072499752 318.719462716494 448.911944966525 510.003305099257 544.496911055136 565.475776301458 574.397310666271 582.209344333331 584.326731234269 590.848341798409 10.459097298226 588.692068398375 591.683769180713
"trial6" -23.1928929594939 320.062444706598 444.019709220488 507.387960559064 541.175039442053 564.430467330699 573.30670424434 27.5692348074498 585.642223606559 585.076895691894 591.065146412703 590.981347114564 9.94862229127073
"trial7" -22.0662761406693 318.683447852722 447.401343598651 509.514109338546 542.284106384019 565.962658010694 574.001278745352 579.918693009632 584.218901683944 586.863410531481 591.23132367047 589.653869414184 591.901049346969
"trial8" -14.038185758782 319.794140874198 451.06626243686 511.351417839009 545.217874171332 563.445822033523 577.528185239142 584.768451327035 586.798782705762 587.077202331456 -13.9173916436676 593.438499258014 590.984049175735
"trial9" -15.4703818309191 321.169748705006 448.09101496402 509.372031857906 543.612856375655 565.495921344921 574.770227422267 580.417985342904 584.796099961134 587.757008195228 586.097539515934 587.927508648104 591.519997135661
"trial10" -17.7347999719186 322.826936800799 447.95926109223 509.791800144668 545.820771692972 564.143935029617 577.993817426982 582.989105378491 586.162298334525 588.795658560045 590.645780132194 590.342530507815 593.642989347866
"trial11" -18.0795377653583 318.269955393103 447.597280669043 504.814080659203 542.401898775617 562.320401395884 575.629362871982 -4.14256900466776 584.020288808858 584.770860937384 590.064930703149 587.35919495627 2.23143392583989
"trial12" -21.5361106088363 320.111371580573 448.971908741468 508.718334760879 542.133430634425 563.593696280384 13.4451887808214 581.750606425647 586.793792263826 585.731956289138 586.953386373592 592.808918959114 590.533380050794
"trial13" -23.3167208559489 317.618836343872 449.610496482175 509.91635284786 544.952844161416 564.835173972884 575.57413772105 583.014227009171 587.146343955826 589.027688795062 588.478817721692 -0.969320718343333 -5.24185288523354
"trial14" -16.2537723131273 321.703369458023 449.207725068723 509.340292815364 541.535117108097 563.313494696698 573.439187883399 580.331800643436 585.738673461798 585.891926337787 589.243846035469 590.434018139371 -0.30434200131795
"trial15" -20.9778465595665 319.910731279643 450.545406056103 506.756764936902 544.895613380938 564.603148943986 577.319944515535 580.982548485416 584.256731075477 591.49428222278 589.639007246486 589.980421354392 596.151043405855
"trial16" -20.3531385228248 321.92112486065 446.191303307681 508.571622206191 544.435024435208 564.302994577075 574.859585305446 582.137823590101 585.705343598031 587.712117771798 588.380640167355 592.663653022027 593.590294259462
"trial17" -18.7781389278024 319.991796708604 447.12323958305 510.660528329732 544.56906725461 563.721667929195 575.619949775989 581.444090326025 585.878003932963 586.198590569938 587.136611290395 590.591468800098 592.504692201242
"trial18" -12.6280672849874 318.190772148755 447.556938705559 510.328123806863 541.457545001025 562.750402848878 574.545484850181 584.228234742928 586.488052488001 584.250186033374 -2.65552079862815 590.400657396896 589.358988000595
"trial19" -20.9957967781157 318.16773242195 446.321227350229 509.066521347966 541.386790840299 562.725241627756 575.107855540109 580.91718830983 582.918495482561 584.963229235362 585.794358440138 -3.34974889822084 588.756726017958
"trial20" -17.070182410931 318.004073370008 444.778234853323 508.725431498821 543.424998935366 563.768006644473 572.918108516535 579.205209018374 582.150729347253 583.736376304195 586.513794138558 589.338772839254 588.099962136298
"trial21" -18.2097970243858 319.448584713833 449.704883037173 511.464120470431 543.242702298968 565.926969168689 575.286208317912 581.798267820787 584.125616836941 5.22298368525604 3.96811281750444 590.446175060441 591.275244015624
"trial22" -19.2758211085294 317.924424380681 445.683925865017 509.534142143808 543.424149976175 562.063990292496 574.850452969621 586.066089370357 585.02165046789 588.399148430157 591.861614000004 589.797775875944 593.093640408537
"trial23" -20.2189545587766 321.585743477316 445.323012846124 510.780129168727 540.927070561301 564.923468486486 577.497057757366 582.185476320094 583.919888371527 -1.34276814246854 588.234246548194 589.651192879556 591.36045391333
"trial24" -21.062834545244 322.719716088009 449.148025295685 507.243910551356 542.629358420363 565.333431603859 576.599962261547 581.733358952073 585.64939756737 585.511529669138 590.270504067887 591.959346587698 592.298282015728
"trial25" -22.4519358581346 320.328931168719 443.540434527131 507.070221485578 544.275721742021 561.800839160337 574.445212608703 578.52750231612 583.585009777478 585.934007954164 585.803135660889 587.239258792017 588.888416186105
"trial26" -15.9851922083495 323.429501363781 448.095509450155 507.140008713645 542.304549364436 564.905280308419 576.547473429921 580.912690076393 583.379596423271 590.325755569369 586.64129298904 589.656778366358 590.7174837915
"trial27" -16.841745100307 320.194461081794 445.882612231735 507.362964625703 542.05902542387 564.990123445391 578.155735458772 582.280691984369 580.950911035099 582.585315532246 586.30706149885 588.351124746334 587.463344813448
"trial28" -20.8927145901505 322.127470157405 449.27139997763 507.986875168905 544.14246268594 563.13777974371 576.003483106835 583.723817772428 584.701586186672 586.595545144516 586.731386790345 591.126578035755 592.85780694926
"trial29" -20.0595885465593 320.46579955348 447.727175002563 507.631398038476 545.174135106176 563.127679796255 575.667275987755 580.612645012861 583.848991760005 -7.20373265768602 588.649157902691 592.657334115448 587.746918601849
"trial30" -25.2167102194997 322.932594924693 448.144024623754 507.246452081544 545.058628615014 564.687797175123 574.338247492456 579.96750763448 585.420193825365 588.32390760265 589.535351170787 590.720870851414 594.683337027645
"trial31" -15.2358829768736 319.722590127739 446.928573099921 508.878718812016 542.507074837927 564.103556137649 574.635440660598 581.752034783818 583.934289138454 586.739642476313 590.290952981945 593.021169318349 589.615466871208
"trial32" -15.1535668612367 322.028108195389 447.28804807805 511.206072219938 544.051726743778 561.358562449435 573.97347448574 583.582314044582 586.848957180724 588.763542919703 587.699680105681 588.876825889577 587.32167638891
"trial33" -16.5823873891075 316.731066091594 448.586765445338 508.612113740736 543.132768216684 563.786755600173 576.686957045291 583.434110415497 586.673021048557 586.586125819225 586.960796101905 588.885016510117 593.198895206841
"trial34" -21.3509180142494 318.76345981233 448.571988407217 511.155607936837 542.858911320452 565.071425013646 575.510655701483 578.78580303487 585.630530010004 585.162846701874 586.225322285061 590.802966959658 61.3829012095641
"trial35" -9.79204359195602 324.253974368381 446.212607708576 509.462801494545 543.62700992889 564.264173689109 577.319656166797 581.3844991345 585.932427950542 587.090622113115 588.675802046268 -2.81251701034385 593.085073463053
"trial36" -21.4413024983782 316.956229660103 448.782245969834 508.400555673818 542.885554864818 564.027792371976 571.975158249123 583.517779019153 582.591988869513 588.764093418817 587.965473024371 590.478610800929 589.38025465686
"trial37" -16.7802072347618 319.238709155457 444.960743179825 506.623559524307 541.829680337307 565.977540067345 576.96899902734 583.796763252646 585.804520596943 20.5232853409086 9.54753617144213 587.812208418368 589.932580535827
"trial38" -18.8439261528018 320.571407045786 449.086135816288 507.232630554318 543.867772860367 564.534022933987 577.683697665075 581.843377569384 585.835816088418 585.925166098686 588.503155020452 589.12016719122 589.945583909588
"trial39" -16.0326910609164 319.848741087682 445.121123196584 508.183980342615 541.535592452059 563.685812635199 574.060440685143 577.474515984981 581.101953659419 583.414048355649 584.949431997404 583.936370223611 586.886963446735
"trial40" -20.3445251203304 319.701829509462 448.231329106644 506.41282733869 542.017685009725 562.939848331459 573.459291681644 581.958711890961 581.139445576003 583.877906068434 587.066675132812 591.060199739468 588.826609871496
"trial41" -22.2436908921562 325.029150798917 447.768442188848 508.286732078519 541.793370351879 564.674422956691 576.697362771044 582.184240631309 585.691959075115 586.604210005865 587.687457976596 590.668634525059 591.050231084503
"trial42" -18.9965460406501 319.07152229139 446.240370025441 506.781778012651 542.755362695389 564.111661785622 573.370530556764 578.270853919608 579.717852131685 584.664744439863 587.109798279871 589.493711233954 590.321008939528
"trial43" -23.5621708788373 322.805800942011 448.068765148139 508.514798725565 541.836530058795 561.802277819091 573.526152875021 581.294765200184 583.415569322849 586.513067605426 584.602536747967 589.344681756369 589.428691061125
"trial44" -17.4639856842032 319.901491559609 445.59589026302 508.778927301373 542.800779487897 561.900692514746 574.52925247494 582.747572247896 582.512311853926 24.6862201871628 587.537904321905 -4.47277698738223 589.783416936371
"trial45" -16.5086121113026 321.611800516645 445.524131389176 508.269739658803 546.087207542682 564.373311925724 576.902086530322 580.792790327768 585.231576868035 586.828888447953 585.736156443525 589.253578932498 591.690374992537
"trial46" -22.1458807894046 323.190829857948 446.874573227351 509.456422597044 544.060602725303 565.46629997243 575.998870441385 581.569573773088 584.873792856651 585.683647397365 585.486436315369 589.361883551222 592.036532774078
"trial47" -14.9675262349537 321.479983209099 445.208463339583 509.390478326032 542.542485876997 562.961571827668 575.819167984101 581.379746287967 583.343961194715 583.432028736085 587.370482403953 586.018935195889 588.357928970629
"trial48" -19.5997470410076 316.943759733257 447.496177491515 507.730199811072 543.589079564193 563.874885827955 573.762215936193 580.534686491192 585.633747799668 588.267893733562 587.049679433718 588.10215537982 588.011726649899
"trial49" -21.1955685827021 324.286103742925 448.255146672833 510.991409467445 543.119362050582 564.956822414101 574.301626566287 582.881248252112 584.995129055498 587.245093790817 587.755128141652 591.235356149525 585.999416749161
"trial50" -23.4189178668335 319.401295682692 447.575394801317 509.766377311615 542.448956979748 565.137687257931 575.279724424363 18.1177959153991 584.292205843958 -4.56625057532653 587.2852733361 588.941471405711 -12.8602712813479
