"m=2" "m=3" "m=4" "m=5" "m=6" "m=7" "m=8" "m=9" "m=10"
"trial1" 0.044027757225319 0.0885489174126175 0.0765154909492136 0.163668749470428 0.0732637114712396 0.117304268126732 0.0144564316529638 0.0765294161623779 0.188169975506261
"trial2" 0.0100431926009569 0.0507767269433443 0.0464967096101329 0.159043195836956 0.123658544130935 0.0445993956485813 0.0329191386170753 0.140663288511963 0.145354267299611
"trial3" 0.116225289427351 0.0606243207131031 0.0152861610698173 0.0966720260603602 0.0852156892480634 0.0531022214002389 0.0460348237527331 0.00914068910373548 0.0430429130800205
"trial4" 0.0189841605067206 0.302345805268791 0.382845166276897 0.0688380998149695 0.030007728913781 0.0555184176698713 0.0199537715582306 0.0509621210866402 0.0344373235342513
"trial5" 0.280255199619385 0.133261445434581 0.19219092116431 0.174514311960808 0.0679018178379719 0.0550619580044676 0.106073987058393 0.0340104809170974 0.126095291069105
"trial6" 0.041807881085886 0.162391289442222 0.156057981137815 0.192873051305341 0.0488665730789509 0.026708033709551 0.108817593760665 0.25911778232697 0.0435332312302529
"trial7" 0.0105694247198461 0.14760439558207 0.168142191638488 0.235149628923224 0.273991654779858 0.116747874933898 0.18493191328848 0.185879884610383 0.0863821441284853
"trial8" 0.0118815067977027 0.14172763062594 0.0714101307274535 0.174084848620274 0.126391952018924 0.051123060736933 0.0513795092935172 0.182650416354412 0.123147331433965
"trial9" 0.0234521777245403 0.091002662811656 0.149448402213487 0.0347468650133298 0.151955533269469 0.0811122570643927 0.104080091910433 0.000791358173034081 0.132389940938218
"trial10" 0.00591805439508407 0.16355114044088 0.0379987418701986 0.0845201759313631 0.0700712990134587 0.0619619700621 0.043607753946673 0.0174614112994441 0.00656672780495211
"trial11" 0.0485471059958382 0.0590972041327142 0.0103091587623814 0.00722009250613177 0.107852588785042 0.0117715515495366 0.070965295200227 0.0766567669076664 0.0803187283966345
"trial12" 0.0136924722371417 0.00967789374865225 0.133606163724797 0.0503958738961096 0.131492096232052 0.00648698467735058 0.0112204043772187 0.00284588518963704 0.113032686707521
"trial13" 0.00104965979256301 0.0155711916546293 0.0406782348554974 0.00609596543892019 0.0804719658592617 0.158311358139707 0.0541700458231842 0.00627013639005116 0.0270417977448542
"trial14" 0.0254074640714959 0.040011753684679 0.161724468403505 0.0127295786660236 0.0545727515963609 0.0773408017227812 0.0480874770746001 0.0265771163929655 0.0791683913799624
"trial15" 0.346884987227731 0.128719943187415 0.142084269172173 0.184226229351729 0.0246139046283357 0.0800526621253554 0.104657185945646 0.119624855157352 0.180496972311112
"trial16" 0.00826983509061241 0.0735643464572091 0.0492009387518593 0.0733910865783917 0.116651371359342 0.0798707994284461 0.107296155948413 0.0671842561747967 0.0625980947437786
"trial17" 0.181651954731761 0.322361456918909 0.142534486589336 0.0466501927766823 0.194030366171009 0.0236706066314726 0.152354016730117 0.0717597854775952 0.063566079024224
"trial18" 0.160102986679369 0.0433515423025368 0.00787587184083583 0.0328439651211857 0.0757678868854358 0.129803711201601 0.0141976918637641 0.0880084425483198 0.0198498974743205
"trial19" 0.165647215857898 0.0394239813787534 0.0137798772558164 0.216673202864675 0.036480867986871 0.0900654923010621 0.136924972062316 0.127154307823117 0.036833917466038
"trial20" 0.248780968777824 0.280542234940522 0.108694892746829 0.130963098721127 0.15528809620591 0.0805261037960155 0.0414194983767989 0.136711587227644 0.0339567837333033
"trial21" 0.00885333965858611 0.0576779028231761 0.0240556004586753 0.14533370274543 0.0551858235497753 0.0415972388138779 0.019751011386261 0.0430829874933375 0.141425951566756
"trial22" 0.00765967099400305 0.0907828361446737 0.162329825740205 0.229907597857212 0.119039572367113 0.00775285821346125 0.119254667947612 0.0378891864067353 0.0371608003251239
"trial23" 0.0629330852747961 0.0208823617426505 0.135798250960077 0.0495811631978715 0.0356542550398692 0.00332752822196204 0.0424721438037717 0.0568821112456096 0.0294938115535124
"trial24" 0.239809490054329 0.182477767505449 0.0869503555185236 0.022538286082828 0.134847472850219 0.0346695415161456 0.0817770297519547 0.151875659798003 0.231454822232815
"trial25" 0.0445627144617345 0.0995564668526968 0.113392847713535 0.23751476501741 0.0210523160039812 0.167303744518041 0.0464608433828645 0.0222188287034178 0.0456808799395616
"trial26" 0.13897388374662 0.054620507516918 0.0282958990257164 0.0883466992227484 0.0140392230213407 0.0796197907849124 0.0529764126955471 0.0718965891643442 0.0880321350963043
"trial27" 0.427183297147161 0.0335770553521674 0.285280168393281 0.0756739808560628 0.153622278896031 0.143952812555779 0.123364780451506 0.0647026143900999 0.211504137437525
"trial28" 0.0284807667995279 0.0116064540993009 0.0179984601728323 0.0719730706708257 0.0644460958133396 0.132087712541954 0.229933691079608 0.0217542101404547 0.0668902254713245
"trial29" 0.000791779172915858 0.0684442371284981 0.010478152059956 0.0737757793058608 0.0821453911627859 0.115873022461687 0.0675764683302265 0.0248469942294187 0.0408036810691891
"trial30" 0.209357742761322 0.000887222168335484 0.0845160531998772 0.0601844363338047 0.0400372038423372 0.0577607963882816 0.208532661218552 0.0143346070749708 0.0948767836020794
"trial31" 0.00264673149901227 0.268871686625731 0.0806788217862453 0.118978028181913 0.0971371659168217 0.0714907406980723 0.247316882275607 0.124213287711485 0.0473647915581326
"trial32" 0.0151263444511781 0.0288957157894677 0.0439160761266472 0.0799900268184045 0.0616495253244767 0.069499034268804 0.00732012755077116 0.0435631974069452 0.0246967829647313
"trial33" 0.0111131338126803 0.030993466674101 0.0766124928731555 0.0718072903602095 0.0416528324869575 0.180857706011009 0.165889935627134 0.105486291344918 0.0957939607795474
"trial34" 0.331027236675485 0.0114856767550467 0.0843304567283899 0.149933700697155 0.181996113524456 0.0024321077053597 0.0229290251362907 0.0117947591435443 0.0614410268574541
"trial35" 0.0548266741446004 0.228408279661142 0.27445532411781 0.103096904854982 0.11119888270983 0.0343571016068277 0.0434961180494306 0.092946726688436 0.0557174825001084
"trial36" 0.090131495386992 0.240868560936931 0.263738598099737 0.050196612278833 0.0596102230089982 0.0569845587841464 0.0182530271054659 0.0272092562594921 0.0652650710903894
"trial37" 0.208750071479339 0.006867208014973 0.183742033112583 0.0704948933290347 0.136849201841777 0.000333582947822619 0.0227865436681692 0.0133341940179644 0.0766924973625795
"trial38" 0.0117889712029186 0.0210102641040111 0.341121223768608 0.139537191276286 0.0382454867977799 0.0333519754902742 0.109921782279019 0.0833991183850712 0.0541241265268428
"trial39" 0.229074741713731 0.0284921117558484 0.151784934853538 0.0999081553896471 0.042003239482378 0.0492680012966241 0.0273492013390467 0.0297873281093058 0.118874128659109
"trial40" 0.239316904949704 0.0186705015255661 0.0566621151356064 0.00893123167310158 0.0329826451324339 0.107190600626636 0.0113005870718101 0.0206884848314851 0.058165721685846
"trial41" 0.21663576468198 0.124945399364005 0.0113412802998502 0.00955927121930226 0.115558420687218 0.137376462530398 0.0455335918702569 0.0139284165105045 0.0617037601785782
"trial42" 0.0232965287931139 0.496212821310051 0.120271788782857 0.0729042987578557 0.0497485461797548 0.0826403011062885 0.144717985727998 0.0475402168541616 0.19632527120407
"trial43" 0.171123953772897 0.0977387981047343 0.232309530931117 0.0757614062428828 0.103259607653218 0.0574338212560364 0.0456699103679539 0.0911234469007107 0.221712449172871
"trial44" 0.103007378270906 0.0932258478857384 0.0107948030243934 0.107072914393889 0.102695734615209 0.0510010982465764 0.168618571225666 0.112773567370643 0.109822056272733
"trial45" 0.0956005983585889 0.0405794417207639 0.175085671613113 0.163316388295885 0.0936367359484511 0.0330924656796477 0.0601241096065022 0.158688154298521 0.159412170609697
"trial46" 0.1668019862016 0.0147323434197869 0.134315438745668 0.0692877078781828 0.0670935226025485 0.079227786567801 0.0593194674952012 0.00805093294456908 0.226885968956127
"trial47" 0.190510557499209 0.034965728377739 0.223199763841257 0.0667731756364534 0.0754463333297917 0.0113779482814412 0.060024508837239 0.0322355045486697 0.0708242625160512
"trial48" 0.0383306528696427 0.0753590837405403 0.0170539885029832 0.0761723091912472 0.166343801900071 0.0437368044016481 0.00627764326862081 0.0318990140517326 0.105025799189135
"trial49" 0.14402415789403 0.112634516938711 0.0438950663998236 0.112363821452989 0.0994657083768961 0.0632887419266733 0.0312751555868542 0.0652452904098031 0.117850231651461
"trial50" 0.110656639608016 0.0855833425646365 0.11879677124665 0.0956200781453479 0.098539796922688 0.129250218188424 0.165738540839917 0.0566759146656917 0.0223213358142232
