"m=2" "m=3" "m=4" "m=5" "m=6" "m=7" "m=8" "m=9" "m=10"
"trial1" 100.187630917143 100.363178495308 99.7901730024928 99.7891152223795 99.5461787264671 99.7861747263581 99.4507402853078 99.6782673160201 99.7090698530306
"trial2" 99.6890374841741 100.184675596508 99.6796670620092 99.6556961028869 99.9617414586044 100.316508359477 99.9426541775075 99.1248576574643 99.7342915451515
"trial3" 99.9955994327952 100.151929935356 100.092124938288 100.14193346568 99.9096857261757 99.681250452605 99.5767862402991 100.172865668405 99.8773139950855
"trial4" 100.155073427879 100.101081767026 99.6600114694288 99.5278841320189 99.430178631634 99.1837516039944 99.8220209626126 99.208505596701 99.3372854244406
"trial5" 100.143273216353 100.323144848225 100.036457811175 99.6745758566736 99.8854399005295 100.025185103506 99.3932281494018 99.7750184085475 100.160020207374
"trial6" 100.164739241055 100.006474858156 100.273624361089 100.265226434622 99.7664317400184 99.9810115931657 99.4917417378924 99.3419521596866 99.9723634224033
"trial7" 100.109315319488 99.4470166770532 99.8488265167575 99.8201203657483 99.4713601903724 99.7543001955854 99.2102718698598 99.5921194874402 99.6666374270141
"trial8" 100.123644133738 99.5758842115042 99.2205094506058 99.7210291777358 99.6933579906716 99.7435162887888 99.6205769406432 99.7973998958159 100.144188485999
"trial9" 100.297143075674 99.9754752088052 100.048587908637 100.093786786942 100.136073999353 100.375543180888 99.6419554225211 99.678896644025 100.135238015749
"trial10" 99.9583241009285 99.6913447956433 99.8813852672557 99.4874109358313 100.038620662841 99.9076214130017 100.114840702488 99.6686521001447 100.095132031654
"trial11" 99.8258755520358 99.7625519864351 99.7541284332777 99.3133370762036 99.6337965508015 99.9072428032818 99.95097076544 99.6406552697146 99.5739791414023
"trial12" 99.81133319377 100.048554821583 99.4516546466885 100.224694960086 99.7978325708339 99.7318239111342 99.8309429957563 99.878488854366 99.8983768392435
"trial13" 100.136424707817 100.195808578509 99.7737557794897 99.8644089353683 99.9369254225352 99.8281428508375 99.8933708383398 99.3115088313418 99.7928315011005
"trial14" 100.227828582471 99.9259141388221 100.263085733888 99.4032493891605 99.537258995513 99.9405559204765 99.6092795660606 100.396724735321 99.7071740169385
"trial15" 99.9260187456371 100.070950955064 100.307728817008 99.6086264689691 99.926163481861 99.5997556198923 99.9597765375778 100.03750565743 99.7505967992981
"trial16" 100.337278815212 100.147822880999 99.6600470809589 99.8057872238082 99.3949106178039 99.5287370809246 99.9094662141093 99.857839109465 99.3502632908413
"trial17" 100.300236295569 99.903802956186 99.3874698487457 100.059708257039 99.5823083436314 99.3514146680894 99.7803732738912 99.6218620765103 99.574228950023
"trial18" 100.270941159066 100.20846911261 99.7427991455387 99.5723013127895 99.5745841028567 99.9605207013345 99.745246781176 99.1416290985084 99.5028218424233
"trial19" 100.126038134255 99.7926577469268 99.4016556992397 99.546383856441 99.6368466843459 100.254215322595 99.6162054892792 99.6485911126493 99.7204963852303
"trial20" 100.557889688919 99.9361408953202 99.4979358968736 99.9493301598791 99.3360809510919 99.4879860364272 99.6617166888005 99.6650069204475 99.6110151401636
"trial21" 100.145500862277 99.8692705868316 99.7610639360749 99.5899934956218 99.8467169255426 99.5970391060144 99.7226503050551 100.058629278045 99.6767381408783
"trial22" 99.9826358918559 99.9112505376132 99.347767447214 100.159495467613 99.709861663712 99.782729270492 99.1774843667963 99.4972744331748 99.5984839736732
"trial23" 100.628147105467 99.7467774172439 100.118750464647 99.9800338965689 99.7851954751594 99.4511070347644 99.7417777960486 100.025740029763 99.8806529908968
"trial24" 100.346430563432 99.8520194501152 99.6440219075318 99.8234593950024 99.7034092450847 99.0825410432687 99.4217048938515 99.6308380859447 99.2943465275696
"trial25" 99.5745747977106 100.283185497868 99.4577345096941 99.6224655400966 100.064889215335 99.4860712348589 99.8692204511429 99.4999310726207 100.086486381705
"trial26" 100.318440710257 100.018181633962 99.271787504363 99.3857924135506 99.1711194710118 100.028344767879 99.7592085190123 100.200615201455 100.219405731728
"trial27" 100.451329828138 99.7068652587927 99.5793885990173 100.015511071572 99.6529643963816 99.2800934972377 99.3973281590902 99.5003428851704 99.8526351509097
"trial28" 99.6912885491275 99.7305283070585 99.4977437758676 100.031172330632 99.9582101994786 99.6707485559966 100.013122496272 99.6917265686697 100.010716859381
"trial29" 100.521635929333 100.136765135485 99.8192379126022 100.061835931595 99.6769614226209 99.7729843842277 99.7461797165484 100.306689216422 100.396925345564
"trial30" 100.398066499952 100.08148181558 99.5682760789801 99.4748935095126 99.5210095819979 99.8426613221509 99.7404283805428 99.806218157831 100.07071373935
"trial31" 100.433436784415 100.43154318008 99.9067175162487 99.1889887050766 99.5104127857861 99.6397374856917 99.7867065825256 99.5625694744419 99.5216364450368
"trial32" 99.8427947904831 99.8654703480183 99.9830872457198 99.8533336321296 99.6526080128342 99.4755375595423 99.7966719746903 99.7253030675012 99.548795535448
"trial33" 100.429491818632 100.209805307319 100.179190863332 99.7685604401164 99.9097223733902 100.163785242465 99.5270946789742 100.18764166894 100.126412000696
"trial34" 100.344758165203 100.234926618879 99.635171103696 99.9765467516951 99.9908478712713 100.033742464509 100.163547524583 99.8916547652857 100.186026585694
"trial35" 100.332407559739 99.8233534163314 100.182119652842 99.9684524707264 99.5464124712959 99.9474808917902 100.056751283393 99.3068284249535 100.190719464089
"trial36" 99.9599814961488 99.8823806768113 99.2949980773927 99.4887944760176 99.6436401762971 100.247886862066 99.6959205934553 100.188252128993 99.7705012901421
"trial37" 99.8345392594797 99.9447243540322 99.6238194095804 100.068577765895 99.6625836335127 99.8424127402283 99.7640265120369 99.7565103280194 99.4878787425263
"trial38" 99.2641935748301 100.016501326457 99.0745895444654 99.6337133644918 100.074865118054 99.808942292113 99.4475562659185 99.9651737202268 99.5648600901182
"trial39" 100.319718568226 99.9342304385332 100.027908012653 99.841039140993 99.514382391761 99.6093244076186 99.0689682085792 99.5435214685295 99.930845747329
"trial40" 99.8838288035091 100.398510513279 99.8175706055756 100.074298701 99.6518322352109 100.141553771447 99.8565374456714 100.099228351702 99.5606871212831
"trial41" 100.455732552004 100.099840411799 100.216000831365 99.8974510135638 99.8954756177272 99.9132771150862 99.7181800468362 100.217855079129 99.9369146129507
"trial42" 99.826859879052 99.9497977213798 99.5731672828513 100.005030532423 100.102865736375 99.6195388913107 99.6998470698582 99.7078945707136 99.3021579451754
"trial43" 100.797334362932 99.7532084731302 99.5381121870656 100.169326935329 99.2840989035965 100.022715918789 99.6744453065671 99.8668530519291 99.7356670392627
"trial44" 100.194620759191 100.484202688704 99.9561379872081 100.467642384586 99.7384898986563 99.8992552964383 100.010093221218 99.9670225328055 99.8678998420326
"trial45" 100.3251177124 99.8980692194619 99.9727617259373 99.8417060040294 99.7133881308802 99.2804261447321 99.6163591859915 99.4625334899981 100.216074740964
"trial46" 100.35249241401 99.8883637235546 99.6664279241177 100.056796251684 99.7383671864837 99.623336532101 99.8050987315842 100.199459913979 99.8569202225717
"trial47" 100.078546842118 100.06543397128 99.7616925675451 99.4127330365562 99.4258350977356 99.4971303376368 99.7067090779868 99.8143855885021 100.089621249953
"trial48" 100.382571166821 100.141203718305 99.5603138628119 99.6931059541239 100.049846510935 99.7268514326113 99.7967032560524 99.6932206906398 99.6373663418307
"trial49" 100.118950465004 100.099688872148 99.7233948089575 99.6323105018816 99.9336544069488 99.747213813423 99.8334708406098 99.984003783358 99.7718424957315
"trial50" 99.6383734033649 100.112316975756 99.5220150823142 99.5281349755628 99.6480331283722 99.3823875710421 99.7342599822393 99.6859372271264 99.8478962505611
