"m=2" "m=3" "m=4" "m=5" "m=6" "m=7" "m=8" "m=9" "m=10"
"trial1" 0.900579863772605 0.899611658117264 0.899639476914372 0.899764548660261 0.899154951733106 0.899406782166707 0.898644489665275 0.899083320438628 0.898505509082124
"trial2" 0.900861638611331 0.901081499054687 0.900570482498514 0.89987016729003 0.899911390451286 0.899707682647511 0.899861608739046 0.899324496282823 0.89893560226087
"trial3" 0.901173518460317 0.900455690806528 0.899872898344248 0.90006524057089 0.900224767144437 0.898835026364791 0.898398352042856 0.899280314182459 0.898500518949674
"trial4" 0.899847344261826 0.901116317106518 0.900769940814276 0.900203411893305 0.900054703835767 0.900297906247635 0.899696267675853 0.89853354690628 0.899418617322792
"trial5" 0.90046821959132 0.899908100603108 0.900157098846132 0.899434079959695 0.900080869933615 0.899662276490231 0.89878567314415 0.898992046194451 0.898324980489737
"trial6" 0.899937885583195 0.900533779992046 0.900283535130634 0.900426290754155 0.900183729767039 0.899914914560684 0.899756629543365 0.8999423343545 0.899709636255636
"trial7" 0.900570751564625 0.90147086403991 0.900569183289144 0.90051143987454 0.90101758149243 0.900121840218477 0.899168909070412 0.900205430840819 0.8989778454803
"trial8" 0.90100805560904 0.901329302711949 0.900400801613017 0.900196311148347 0.899125243878443 0.899284902315302 0.899204529657648 0.899319645799845 0.89907336551302
"trial9" 0.900665458236622 0.90061753035765 0.899828105737335 0.900137812382146 0.900200117068454 0.899904909266775 0.899513463425743 0.898821424779403 0.898818393422906
"trial10" 0.901346390879865 0.899245775488127 0.90065618043209 0.90038508068474 0.899655257621444 0.900306810087872 0.899885321284148 0.899501810946401 0.898216328832163
"trial11" 0.900880561414858 0.900996510285537 0.90029028213613 0.89962078671599 0.899623432923154 0.899279522735556 0.898729897376697 0.899745536918186 0.899570817327916
"trial12" 0.90157449448704 0.900435095084444 0.900361954440331 0.899154677955949 0.899163228038066 0.899496756108846 0.899470824264823 0.898391312709225 0.899121342202956
"trial13" 0.900518914735788 0.901291337902949 0.900599741373005 0.899358103859913 0.89938171793383 0.898807878283433 0.899588956694321 0.899622256231986 0.898482682932187
"trial14" 0.901268918876099 0.899577241408281 0.899049266928719 0.899885476900622 0.899439546536689 0.898687939439836 0.899294451034884 0.899151564260484 0.898959929437976
"trial15" 0.901397796955079 0.900282441612317 0.900741375033789 0.900109174389943 0.899575393999899 0.898999247068882 0.898764292709513 0.899919718449278 0.899239774721112
"trial16" 0.899550930188972 0.900055955903622 0.899879609301962 0.900164024790206 0.900247039329951 0.899664186217566 0.898501716490441 0.898502533879677 0.898381292507749
"trial17" 0.899654453973721 0.900414677883168 0.901164283871716 0.899235971023576 0.899493861318457 0.899132305878719 0.898632521647156 0.89891035286505 0.899181284983884
"trial18" 0.90060790688932 0.900349869549021 0.900255852447332 0.900065872202701 0.900644299293274 0.900253265909506 0.898880844634213 0.899457441007712 0.898911315985365
"trial19" 0.900402554528056 0.899996688401187 0.900652583623533 0.900181855990441 0.900239644317366 0.900215204872169 0.899520696205079 0.899091061596888 0.898343652128094
"trial20" 0.90017371019132 0.90036180782268 0.900689315153937 0.900553003757374 0.899807663885347 0.899117193270391 0.899420284757668 0.899529240928558 0.898728383074825
"trial21" 0.9016559488756 0.900852187202352 0.900238097161094 0.900185612649934 0.900465508757814 0.899761681364398 0.899533030391634 0.899286246968551 0.899299136229693
"trial22" 0.899860856997032 0.900030254565702 0.900623037501529 0.900180230817445 0.899444239604497 0.899299658165508 0.898795993209463 0.898701343006373 0.900061881492974
"trial23" 0.900957449567737 0.900548352663274 0.900568618503312 0.900293084807236 0.900187917934834 0.900618784827408 0.900037761602346 0.899049291975944 0.899454668671763
"trial24" 0.901549893375318 0.9010662315243 0.900881684005313 0.900939835375327 0.90018564009615 0.899512347938562 0.899532252217548 0.899928994583173 0.899582224820814
"trial25" 0.900692299454174 0.901357461197827 0.89998214093355 0.900993505007994 0.899415535119199 0.899434605802657 0.89916057367958 0.899246420400677 0.898033815931409
"trial26" 0.899551821143817 0.900770285334275 0.900479773054535 0.900149202374853 0.900479294056482 0.899661262864937 0.899356097520987 0.899535513610378 0.898391679105118
"trial27" 0.900490496577907 0.900472687039661 0.900422341900669 0.901088350900636 0.900119344496838 0.899443183444163 0.898856770860672 0.900040144524116 0.899031263542242
"trial28" 0.901076599541633 0.899348857414632 0.899943881428761 0.900421885047598 0.89985800754514 0.900471782307834 0.899796622281982 0.899692607258592 0.898904892906058
"trial29" 0.900013499979802 0.900258178593273 0.899603671768244 0.900292207902162 0.899320512498295 0.900524719808391 0.899758893239722 0.89930782660313 0.898923094901486
"trial30" 0.900502631485419 0.900076114801391 0.899984962330124 0.900620637068043 0.900443735389422 0.900035412707859 0.900103063490958 0.898867560605603 0.898095739655975
"trial31" 0.900812154382146 0.900133643543433 0.900239098755332 0.900480864965539 0.900284489082252 0.900314946416871 0.899325073883178 0.900067465892555 0.899239482847564
"trial32" 0.899665851172793 0.900301550580248 0.900515150820351 0.899435871656582 0.900125237103969 0.899820527760789 0.898834292269875 0.900714560966281 0.899224981556908
"trial33" 0.901308828442588 0.899187886337139 0.899264333417822 0.900867353215664 0.89921777642612 0.900284921926651 0.898674222543469 0.898670979813431 0.898753078905146
"trial34" 0.901346495324975 0.901136492871935 0.900985776046911 0.899984998057848 0.900046860420059 0.90019578247366 0.899552621082004 0.899372428367679 0.897843246067839
"trial35" 0.901345463834453 0.899398098773357 0.900903803820095 0.899161283049063 0.899839776274464 0.900264064699521 0.899889775347105 0.899827602056102 0.899042286648324
"trial36" 0.900619288989615 0.900759476081651 0.899502741773032 0.900266671038887 0.899620814819559 0.900202249234483 0.898932700267225 0.899913175184972 0.898936320776327
"trial37" 0.902147877038449 0.899946622844464 0.899363064788663 0.899734204488553 0.899882687904728 0.899169742963142 0.899555685388962 0.899503707215754 0.900161430542841
"trial38" 0.900491619094412 0.900383785616741 0.899899086815093 0.899228687094183 0.899510134415736 0.899580088721275 0.897947541813591 0.899162433874459 0.898949582299707
"trial39" 0.899482661711781 0.899536062713771 0.899313322477596 0.898757704410628 0.899514091717085 0.899611075294245 0.899961427501561 0.899352722728606 0.899518446194648
"trial40" 0.900549266151386 0.899737427435275 0.899926941798419 0.899815393174791 0.900372249219577 0.899713088745019 0.898900819598682 0.898518675046775 0.89884687414308
"trial41" 0.901518664798815 0.901146128036369 0.901114395551123 0.900425804517899 0.900542433596272 0.89961455610543 0.899038272669301 0.899179382140533 0.898231212039818
"trial42" 0.900720225433041 0.899141086604251 0.900291781488125 0.899530157845146 0.899845561769608 0.900241912165892 0.899480751041 0.899470372056278 0.899812597664069
"trial43" 0.901647152899785 0.900475163708485 0.900631887361777 0.901008937039885 0.90028418961308 0.900106303350982 0.898983702592231 0.899015469816324 0.898637795202373
"trial44" 0.901971066038781 0.900524855429414 0.899346466433396 0.900744938919481 0.900693773872011 0.899632963239451 0.899537463639872 0.898340642538285 0.899239577267871
"trial45" 0.900769002181908 0.901214153547522 0.901265450903742 0.900335871415105 0.899911994587274 0.899826192248279 0.900918083699011 0.899677216437084 0.899513336239553
"trial46" 0.901987556084698 0.900350750739094 0.900287396630501 0.90052830947736 0.899948162347554 0.900423696100681 0.900356152599499 0.899444710008767 0.899284627516148
"trial47" 0.902073847055213 0.899851847624139 0.900309492309742 0.900601417586518 0.900147569852452 0.899606293493513 0.899713973480124 0.899889451882515 0.899006633619112
"trial48" 0.898155333499445 0.899410162811879 0.899385118082897 0.900060744318065 0.899172356111203 0.899145938456986 0.898014866843702 0.899674113133921 0.89863214448145
"trial49" 0.899537475263978 0.900676812331641 0.899944599372638 0.899117307758539 0.898674173944414 0.900219150137026 0.899915644168118 0.899632806722983 0.89891046773767
"trial50" 0.900018764979977 0.899954421613954 0.900106743511144 0.900723186192729 0.900905999440165 0.90004224459183 0.899608814959795 0.899540547337335 0.899956609165278
