"m=2" "m=3" "m=4" "m=5" "m=6" "m=7" "m=8" "m=9" "m=10"
"trial1" 102.151383427632 101.362063020859 101.831755966195 101.430971907483 101.378193975932 101.323476706236 101.366819082884 101.539122281099 102.092193183307
"trial2" 100.445473115999 101.279000519563 100.965045167367 101.696759665587 101.434250804628 101.002910791636 100.801056678713 101.277750258987 101.511682275705
"trial3" 100.893643924275 100.673868379438 100.754597629873 101.014514488573 100.979093311247 101.394428810989 100.897902519318 101.193396421707 102.182155805939
"trial4" 101.138885358619 101.258653753094 101.759253333482 101.450324754267 101.371719137442 101.639155886772 101.116383462095 101.44944249563 101.532787769052
"trial5" 101.436613463533 101.623938745274 101.10680973196 101.662403593694 101.556695598128 101.65759432469 101.776875210638 101.326274694817 101.892584454325
"trial6" 101.649983288769 100.675050528951 101.039926006982 101.712739749644 101.585008217836 100.869215720498 101.342875190867 101.342926604445 100.966191420074
"trial7" 101.340960373519 102.255031784601 101.924784211916 102.08372465674 102.094859220858 101.02575688441 101.607422408973 101.831398469475 101.616768169519
"trial8" 100.957372699774 101.35263504756 101.466745423847 101.810047088234 101.441695286563 100.912119237638 100.712573757278 101.474796782019 102.394696878388
"trial9" 101.28471179063 101.367436690473 101.364391495769 101.485978342778 101.829626080202 101.616739501091 100.467605179857 100.546768135315 101.657246428612
"trial10" 100.880726901579 101.772641576657 100.822519029296 101.975628592312 101.696878635884 100.956655988895 100.885064436618 100.919967039547 100.884543053816
"trial11" 101.31648718752 101.078531351998 101.028811170439 100.77697707267 101.740000689856 101.352108769711 102.078967737501 101.563511665284 101.131002409448
"trial12" 101.311952050955 101.256529225774 101.728233372759 101.780747352922 101.645790790433 101.153595884941 100.981400290855 100.915182935537 102.160162440979
"trial13" 100.51652522326 101.2641854264 101.373315596092 101.123544792843 101.120519958172 101.886989995624 101.227141617905 101.14452543801 101.087991654409
"trial14" 101.782982982728 101.429475251676 101.115352525684 101.223372932822 101.839806459524 101.648344117864 101.227432433099 100.954491985859 101.535446769491
"trial15" 101.358997675321 101.50103973933 101.864475649789 101.871468911653 101.390574960024 101.58556049858 101.354806299051 101.576859311903 101.7300764433
"trial16" 101.23292078288 101.055966034877 101.051197520703 101.640722715761 101.078863778652 101.493019864434 101.464908834907 101.171755250865 101.667445070121
"trial17" 101.330497666864 101.173327738013 101.837958418525 101.800898902095 101.431808218597 101.583676801139 102.305375299459 101.182641242781 101.535592658944
"trial18" 101.839441421312 101.450290668407 101.225424021825 101.65956324251 101.484695980376 101.240189384508 101.435209713132 101.542000800556 100.840686366015
"trial19" 101.613239154637 100.863283961094 101.217267665431 101.249088743692 101.343511915293 101.307636311161 101.001753513695 101.061349242053 101.407380307114
"trial20" 100.486172555889 101.81872737155 101.453950817012 101.683532534003 101.483367196949 100.379842948917 100.889858456708 101.249259576989 100.331626097306
"trial21" 100.949439753983 101.165996025035 100.973677967958 101.820432902942 100.781885191803 101.195836033394 100.717637870439 101.229649421782 101.247560857966
"trial22" 100.798396684871 100.900632028228 101.196034110243 101.900040412418 101.082648405136 101.092532411443 101.516064345262 101.053610541056 100.803339813514
"trial23" 101.251361278104 101.018660173951 102.103640960077 101.899530262512 101.775445383121 100.925523817587 101.751469641862 102.051470996414 101.344869622606
"trial24" 101.177126410792 101.675939976536 101.504114591295 101.408941154753 101.511887010121 100.983981334991 101.515700671299 101.661657358083 101.835119099941
"trial25" 100.547503848239 101.305380543391 100.954539372938 101.66267682997 101.468593978656 101.551126009347 101.148684031408 101.505744909775 100.846735523112
"trial26" 101.111630661219 101.567705829043 101.613227201003 101.595639179947 101.046968399693 102.023163725861 101.479918077969 101.204478954669 101.567255685451
"trial27" 101.659113948446 101.084575362406 100.921713783764 101.382914172357 101.085639535098 101.241766126657 101.123945811768 100.995299489428 101.389095132179
"trial28" 100.872766871893 101.195450579926 100.887595637324 101.101650207189 101.172315569117 101.418494688295 101.621355592745 100.934584871459 101.083007054427
"trial29" 100.702060328503 100.830055758438 101.263850978459 101.82893514138 101.8208239512 101.697800458982 101.812192404073 101.046377138334 101.618838699467
"trial30" 100.679965150127 100.686626146476 101.319610257993 100.8041821724 101.031776420374 101.083065647677 101.491129257523 101.070435944515 101.283293020335
"trial31" 100.636412468027 101.665012454039 101.849381835508 101.641663835199 101.257425720384 101.383497254044 101.588878886419 101.462870645689 101.196288966568
"trial32" 101.43728500317 101.216631097811 101.716269487991 100.878789723209 101.170510856803 100.697217971005 100.756724112251 100.881138151114 100.92185905831
"trial33" 101.259104133589 101.415058173328 101.477973466285 101.695873834707 101.652186759171 101.944437294905 102.246469487399 101.88138512534 102.057412883438
"trial34" 100.846660033876 100.411077698853 101.08281902008 101.28870448121 102.087290978396 100.688712364929 101.569640318973 101.316101445112 101.229589304962
"trial35" 101.562102662753 101.010386438955 101.37579463932 101.202844221722 100.851759801147 100.677598821815 100.8980178348 101.005029996995 100.818416348695
"trial36" 101.216635191436 101.764422471372 101.045066426079 101.121740371225 101.802412295095 100.954905959746 101.20942810782 101.737681334552 101.766851878194
"trial37" 101.773788608797 101.089676558691 100.996275897333 100.852040330765 101.355814221915 100.503754640056 100.894401089447 101.218168465579 101.812226882157
"trial38" 101.286283024997 101.675206638575 101.305249875683 101.922363002015 101.066019540033 101.101635517704 101.736417032043 101.021030848455 101.186019999162
"trial39" 101.269593786271 101.079169560985 101.357068068326 101.17917290064 101.222107880676 101.229001841386 101.152651639492 101.239194338236 101.573956845749
"trial40" 101.530117521488 101.521632511144 100.950870000175 101.261953082408 101.290105203836 101.008761079053 101.060874304337 100.802435739238 101.24429406461
"trial41" 100.969844671906 101.674862360211 101.358734464312 101.289725911205 101.564826910965 101.296907416297 101.336609007078 101.472593221174 101.909902211634
"trial42" 101.263272883236 102.502368390235 100.854709643951 101.740541260914 101.614307057842 101.176932669706 101.84632212613 101.57749928262 101.916485473208
"trial43" 100.405947389686 101.748627492837 100.891078384816 101.437285068058 101.342200526747 101.630268229591 101.506360581453 101.941913794075 101.91916738011
"trial44" 101.287222519563 100.777086794916 101.240528913411 101.824111607149 101.357847809829 100.764970956362 101.550820586698 102.376646601353 101.634159966137
"trial45" 100.936924869637 101.110191317981 100.513033031699 101.790548102992 101.141576404467 100.967130548166 101.590053205036 101.455355366727 101.47567892621
"trial46" 101.489190961985 101.416137296382 101.694370342325 101.671401411262 102.016614727681 101.264571936608 100.993617663453 101.054093556063 102.633770544045
"trial47" 102.208253480236 101.969532779401 101.712445472999 102.020222907781 101.742021047879 100.741490525402 101.578205578293 101.64094756979 102.193985708192
"trial48" 100.814340922709 101.240840562471 101.467083780235 101.561656514359 101.858220318232 101.441751419443 100.854772087692 101.45194016444 102.435731067477
"trial49" 101.360480536587 101.476894942985 101.805357166809 101.554130934245 101.110700819688 101.581073277446 101.13693521668 101.837532551467 101.697015563076
"trial50" 101.467570167696 101.285290873843 101.646933085066 101.099664584556 101.613265032779 101.66258867233 101.886962645675 101.532865866755 101.241764855476
